id,answer
28-0021,C
28-0022,A
28-0023,D
28-0024,A
28-0025,A
28-0026,A
28-0027,B
28-0028,A
28-0029,A
28-0030,C
28-0031,C
28-0032,A
28-0033,D
28-0034,Đ
28-0035,A
28-0036,A
28-0037,A
28-0038,C
28-0039,C
28-0042,E
28-0043,A
28-0044,C
28-0045,C
28-0046,A
28-0047,B
28-0048,C
28-0049,C
28-0050,D
28-0051,C
28-0052,A
28-0053,C
28-0054,B
28-0055,D
28-0056,D
28-0057,A
28-0058,C
28-0059,C
28-0060,C
28-0061,B
28-0062,A
28-0063,B
28-0064,C
28-0065,D
28-0066,C
28-0067,A
28-0068,A
28-0069,D
28-0070,D
28-0071,C
28-0072,C
28-0073,A
28-0074,B
28-0075,C
28-0076,C
28-0077,C
28-0078,C
28-0079,D
28-0080,D
28-0081,D
28-0082,B
28-0083,D
28-0084,A
28-0085,A
28-0086,A
28-0087,D
28-0088,C
28-0089,C
28-0090,A
28-0091,B
28-0092,B
28-0093,C
28-0094,C
28-0095,C
28-0096,B
28-0097,C
28-0098,A
28-0099,B
28-0100,E
28-0101,A
28-0102,A
28-0103,C
28-0104,C
28-0105,A
28-0106,C
28-0107,E
28-0108,C
28-0109,B
28-0110,B
28-0111,A
28-0112,A
28-0113,C
28-0114,D
28-0115,C
28-0116,D
28-0117,C
28-0118,C
28-0119,A
28-0120,C
28-0121,A
28-0122,B
28-0123,A
28-0124,C
28-0125,A
28-0126,A
28-0127,D
28-0128,A
28-0129,B
28-0130,D
28-0131,C
28-0132,C
28-0133,A
28-0134,C
28-0135,E
28-0136,D
28-0137,B
28-0138,D
28-0139,C
28-0140,C
28-0141,C
28-0142,B
28-0143,B
28-0144,E
28-0145,Đ
28-0146,B
28-0147,D
28-0148,B
28-0149,A
28-0150,D
28-0151,C
28-0152,B
28-0153,A
28-0154,A
28-0155,D
28-0156,A
28-0157,A
28-0158,A
28-0159,B
28-0160,C
28-0161,C
28-0162,C
28-0163,D
28-0164,A
28-0165,D
28-0166,D
28-0167,D
28-0168,D
28-0169,A
28-0170,C
28-0171,B
28-0172,C
28-0173,C
28-0174,A
28-0175,A
28-0176,A
28-0177,A
28-0178,C
28-0179,A
28-0180,A
28-0181,A
28-0182,A
28-0183,D
28-0184,C
28-0185,D
28-0186,C
28-0187,B
28-0188,C
28-0189,C
28-0190,C
28-0191,A
28-0192,C
28-0193,A
28-0194,B
28-0195,A
28-0196,D
28-0197,A
28-0198,A
28-0199,B
28-0200,A
28-0201,A
28-0202,C
24-0021,A
24-0022,C
24-0023,D
24-0024,C
24-0025,C
24-0026,D
24-0027,A
24-0028,C
24-0029,A
24-0030,D
24-0031,C
24-0032,C
24-0033,C
24-0034,C
24-0035,A
24-0036,D
24-0037,D
24-0038,A
24-0039,D
24-0040,D
24-0041,C
24-0042,B
24-0043,A
24-0044,A
24-0045,B
24-0046,A
24-0047,D
24-0048,D
24-0049,D
24-0050,C
24-0051,A
24-0052,C
24-0053,C
24-0054,A
24-0055,D
24-0056,B
24-0057,B
24-0058,B
24-0059,D
24-0060,C
24-0061,C
24-0062,D
24-0063,B
24-0064,D
24-0065,A
24-0066,A
24-0067,B
24-0068,C
24-0069,C
24-0070,B
24-0071,C
24-0072,A
24-0073,D
24-0074,D
24-0075,C
24-0076,C
24-0077,A
24-0078,B
24-0079,C
24-0080,B
24-0081,D
24-0082,B
24-0083,D
24-0084,C
24-0085,A
24-0086,D
24-0087,D
24-0088,D
24-0089,B
24-0090,C
24-0091,C
24-0092,A
24-0093,D
24-0094,A
24-0095,C
24-0096,A
24-0097,B
24-0098,A
24-0099,A
24-0100,B
24-0101,D
24-0102,D
24-0103,D
24-0104,A
24-0105,D
24-0106,B
24-0107,A
24-0108,C
24-0109,B
24-0110,B
24-0111,C
24-0112,D
24-0113,C
24-0114,C
24-0115,A
24-0116,D
24-0117,A
24-0118,C
24-0119,A
24-0120,C
24-0121,B
24-0122,D
24-0123,D
24-0124,D
24-0125,D
24-0126,B
24-0127,B
24-0128,A
24-0129,B
24-0130,C
24-0131,B
24-0132,B
24-0133,D
24-0134,C
24-0135,C
24-0136,A
24-0137,A
24-0138,A
24-0139,D
24-0140,A
24-0141,A
24-0142,D
24-0143,C
24-0144,D
24-0145,C
24-0146,B
24-0147,A
24-0148,B
24-0149,D
24-0150,D
24-0151,A
24-0152,A
24-0153,A
24-0154,C
24-0155,C
24-0156,A
24-0157,C
24-0158,C
24-0159,D
24-0160,C
24-0161,B
24-0162,B
24-0163,D
24-0164,C
24-0165,C
24-0166,A
24-0167,D
24-0168,C
24-0169,D
24-0170,D
24-0171,B
24-0172,A
24-0173,D
24-0174,C
24-0175,C
24-0176,B
24-0177,A
24-0178,C
24-0179,A
24-0180,B
24-0181,D
24-0182,B
24-0183,C
24-0184,C
24-0185,A
24-0186,A
24-0187,B
24-0188,C
24-0189,A
24-0190,C
24-0191,A
24-0192,C
24-0193,C
24-0194,A
24-0195,C
24-0196,A
24-0197,C
24-0198,D
24-0199,A
24-0200,C
22-0023,A
22-0024,D
22-0025,D
22-0026,B
22-0027,B
22-0028,A
22-0029,C
22-0030,D
22-0031,A
22-0032,A
22-0033,C
22-0034,B
22-0035,A
22-0036,A
22-0037,B
22-0038,D
22-0039,B
22-0040,A
22-0041,D
22-0042,A
22-0043,A
22-0044,D
22-0045,A
22-0046,B
22-0047,B
22-0048,A
22-0049,D
22-0050,B
22-0051,A
22-0052,A
22-0053,C
22-0054,C
22-0055,D
22-0056,A
22-0057,A
22-0058,C
22-0059,A
22-0060,A
22-0061,A
22-0062,A
22-0063,A
22-0064,B
22-0065,D
22-0066,C
22-0067,C
22-0068,C
22-0069,C
22-0070,A
22-0071,D
22-0072,A
22-0073,B
22-0074,D
22-0075,C
22-0076,A
22-0077,D
22-0078,D
22-0079,A
22-0080,A
22-0081,A
22-0082,A
22-0083,A
22-0084,A
22-0085,A
22-0086,A
22-0087,A
22-0088,C
22-0090,C
22-0091,A
22-0092,D
22-0093,A
22-0094,C
22-0095,D
22-0096,B
22-0097,B
22-0099,D
22-0100,B
22-0101,A
22-0102,A
22-0103,A
22-0104,A
22-0105,B
22-0106,A
22-0107,A
22-0108,B
22-0109,D
22-0110,C
22-0111,D
22-0112,C
22-0113,A
22-0114,D
22-0115,D
22-0116,D
22-0117,A
22-0118,B
22-0119,C
22-0120,B
22-0121,A
22-0122,A
22-0123,D
22-0124,D
22-0125,B
22-0126,A
22-0127,D
22-0128,D
22-0129,B
22-0130,D
22-0131,A
22-0132,D
22-0133,A
22-0134,D
22-0135,B
22-0136,D
22-0137,D
22-0138,D
22-0139,A
22-0140,C
22-0141,B
22-0142,A
22-0143,D
22-0144,B
22-0146,D
22-0147,A
22-0148,B
22-0149,D
22-0150,A
22-0151,A
22-0152,A
22-0153,D
22-0154,A
22-0155,B
22-0156,C
22-0157,D
22-0158,C
22-0159,C
22-0160,D
22-0161,C
22-0162,D
22-0163,A
22-0164,D
22-0165,D
22-0166,C
22-0167,C
22-0168,D
22-0169,C
22-0170,A
22-0171,C
22-0172,D
22-0173,D
22-0174,C
22-0175,A
22-0176,C
22-0177,C
22-0178,B
22-0179,B
22-0180,B
22-0181,A
22-0182,A
22-0183,A
22-0184,B
22-0185,C
22-0186,C
22-0187,B
22-0188,D
22-0189,D
22-0190,C
22-0191,C
22-0192,C
22-0193,C
22-0194,C
22-0195,D
22-0196,C
22-0197,C
22-0198,C
22-0199,D
22-0200,C
22-0201,B
22-0202,C
22-0203,A
31-0019,D
31-0020,A
31-0021,B
31-0022,A
31-0023,C
31-0024,C
31-0025,A
31-0026,B
31-0027,C
31-0028,D
31-0029,B
31-0030,D
31-0031,C
31-0032,D
31-0033,D
31-0034,A
31-0035,B
31-0036,C
31-0037,D
31-0039,D
31-0040,D
31-0041,D
31-0042,D
31-0043,D
31-0044,D
31-0045,A
31-0046,D
31-0047,C
31-0048,A
31-0049,B
31-0050,A
31-0051,A
31-0052,C
31-0053,C
31-0054,C
31-0055,C
31-0056,B
31-0057,A
31-0058,C
31-0059,D
31-0060,A
31-0061,B
31-0062,B
31-0063,A
31-0064,A
31-0065,A
31-0067,D
31-0068,D
31-0069,B
31-0070,A
31-0071,B
31-0072,B
31-0073,A
31-0074,D
31-0075,C
31-0076,C
31-0077,C
31-0078,C
31-0079,A
31-0080,B
31-0081,A
31-0082,D
31-0083,C
31-0084,C
31-0085,D
31-0086,A
31-0087,B
31-0088,C
31-0089,C
31-0090,A
31-0091,B
31-0092,A
31-0093,A
31-0094,D
31-0095,B
31-0096,D
31-0097,D
31-0098,B
31-0099,D
31-0100,D
31-0101,B
31-0102,C
31-0103,B
31-0104,A
31-0105,A
31-0106,A
31-0107,A
31-0108,C
31-0109,D
31-0110,D
31-0111,B
31-0112,C
31-0113,D
31-0114,C
31-0115,B
31-0116,D
31-0117,D
31-0118,B
31-0119,A
31-0120,B
31-0121,A
31-0122,D
31-0123,C
31-0124,B
31-0125,C
31-0126,D
31-0128,C
31-0129,B
31-0130,C
31-0131,A
31-0132,D
31-0133,A
31-0134,D
31-0135,B
31-0136,A
31-0137,D
31-0138,D
31-0139,A
31-0140,A
31-0141,C
31-0142,C
31-0143,B
31-0144,D
31-0145,D
31-0146,D
31-0147,A
31-0148,A
31-0149,D
31-0150,A
31-0151,D
31-0152,B
31-0153,B
31-0154,C
31-0155,C
31-0156,D
31-0157,B
31-0158,A
31-0159,C
31-0160,B
31-0161,D
31-0162,B
31-0163,D
31-0164,A
31-0165,D
31-0166,A
31-0167,A
31-0168,C
31-0169,A
31-0170,A
31-0171,A
31-0172,D
31-0173,A
31-0174,A
31-0175,D
31-0176,A
31-0177,D
31-0178,A
31-0179,A
31-0180,A
31-0181,C
31-0182,C
31-0183,D
31-0184,C
31-0185,C
31-0186,D
31-0187,C
31-0188,B
31-0189,B
31-0190,B
31-0191,A
31-0192,C
31-0193,B
31-0194,D
31-0195,D
31-0196,A
31-0197,D
31-0198,A
31-0199,D
25-0020,A
25-0021,A
25-0022,C
25-0023,C
25-0024,C
25-0025,A
25-0026,B
25-0027,D
25-0028,C
25-0029,B
25-0030,D
25-0031,D
25-0032,A
25-0033,B
25-0035,C
25-0036,D
25-0037,D
25-0038,C
25-0039,C
25-0040,B
25-0041,D
25-0042,B
25-0043,C
25-0044,C
25-0045,C
25-0046,A
25-0047,A
25-0048,A
25-0049,B
25-0050,C
25-0051,C
25-0052,D
25-0053,C
25-0054,B
25-0055,C
25-0056,C
25-0057,D
25-0059,A
25-0061,D
25-0062,D
25-0063,B
25-0064,A
25-0065,C
25-0066,B
25-0067,D
25-0068,D
25-0070,A
25-0071,A
25-0072,A
25-0073,C
25-0074,D
25-0075,C
25-0076,B
25-0078,A
25-0079,A
25-0080,C
25-0081,B
25-0082,C
25-0083,B
25-0084,D
25-0085,A
25-0086,A
25-0087,B
25-0088,D
25-0089,B
25-0090,B
25-0091,C
25-0092,D
25-0093,A
25-0094,D
25-0095,B
25-0096,C
25-0097,A
25-0100,D
25-0101,D
25-0103,C
25-0104,A
25-0105,B
25-0106,D
25-0107,B
25-0108,D
25-0109,A
25-0110,D
25-0111,A
25-0112,B
25-0113,A
25-0114,D
25-0115,B
25-0117,D
25-0118,A
25-0119,B
25-0120,A
25-0121,B
25-0122,D
25-0123,A
25-0124,C
25-0125,B
25-0126,C
25-0127,D
25-0128,C
25-0129,C
25-0130,B
25-0131,A
25-0132,B
25-0133,A
25-0134,C
25-0135,D
25-0136,C
25-0137,C
25-0138,B
25-0139,D
25-0140,A
25-0142,C
25-0143,D
25-0144,A
25-0145,A
25-0146,D
25-0147,A
25-0148,A
25-0149,A
25-0151,D
25-0152,C
25-0153,C
25-0154,D
25-0155,A
25-0156,C
25-0158,D
25-0160,B
25-0161,A
25-0162,C
25-0163,A
25-0164,C
25-0165,B
25-0166,B
25-0167,A
25-0168,B
25-0169,C
25-0170,D
25-0171,C
25-0172,C
25-0173,C
25-0174,A
25-0175,D
25-0176,D
25-0177,A
25-0178,D
25-0179,D
25-0180,B
25-0183,C
25-0184,A
25-0185,A
25-0186,B
25-0187,C
25-0188,C
25-0189,B
25-0190,C
25-0191,C
25-0192,D
25-0193,C
25-0194,A
25-0195,A
25-0197,B
23-0018,A
23-0019,B
23-0020,A
23-0021,C
23-0022,C
23-0023,A
23-0024,C
23-0025,A
23-0026,C
23-0028,B
23-0030,D
23-0031,C
23-0032,C
23-0033,A
23-0034,A
23-0036,B
23-0037,C
23-0038,B
23-0039,D
23-0040,D
23-0041,A
23-0043,C
23-0044,D
23-0045,D
23-0046,C
23-0047,C
23-0048,B
23-0049,A
23-0050,D
23-0053,B
23-0054,A
23-0055,D
23-0056,C
23-0057,D
23-0058,B
23-0059,B
23-0060,C
23-0061,B
23-0062,B
23-0063,A
23-0064,B
23-0065,B
23-0066,A
23-0067,B
23-0068,C
23-0069,B
23-0070,C
23-0071,A
23-0072,B
23-0073,A
23-0074,A
23-0075,A
23-0076,C
23-0078,C
23-0079,B
23-0080,B
23-0081,D
23-0082,A
23-0083,D
23-0084,B
23-0086,C
23-0087,B
23-0088,B
23-0089,D
23-0090,C
23-0091,C
23-0092,A
23-0093,D
23-0096,C
23-0097,B
23-0098,B
23-0101,C
23-0102,D
23-0103,A
23-0104,B
23-0105,C
23-0106,D
23-0107,A
23-0108,A
23-0109,A
23-0110,D
23-0111,D
23-0112,A
23-0113,B
23-0114,B
23-0115,A
23-0116,C
23-0117,C
23-0118,B
23-0119,A
23-0120,B
23-0121,C
23-0122,D
23-0123,B
23-0124,C
23-0125,B
23-0126,B
23-0127,C
23-0128,C
23-0130,B
23-0131,A
23-0132,D
23-0133,D
23-0134,C
23-0135,B
23-0136,B
23-0137,A
23-0138,A
23-0139,A
23-0140,B
23-0141,B
23-0143,D
23-0144,D
23-0148,A
23-0149,A
23-0150,A
23-0156,B
23-0157,B
23-0158,A
23-0159,A
23-0160,D
23-0161,A
23-0162,B
23-0163,A
23-0164,D
23-0165,D
23-0166,A
23-0167,D
23-0168,B
23-0177,A
23-0178,A
23-0179,D
23-0180,A
23-0181,B
23-0184,D
23-0185,D
23-0189,C
23-0190,D
23-0191,A
23-0194,A
23-0195,B
23-0196,D
23-0197,C
23-0198,C
23-0199,C
23-0200,D
23-0201,B
30-0021,A
30-0022,A
30-0023,D
30-0024,C
30-0025,A
30-0026,A
30-0027,D
30-0028,B
30-0029,A
30-0030,D
30-0031,C
30-0032,D
30-0033,C
30-0034,C
30-0035,A
30-0036,A
30-0037,B
30-0038,C
30-0039,D
30-0040,C
30-0041,D
30-0042,A
30-0043,D
30-0044,C
30-0045,D
30-0046,C
30-0047,C
30-0048,A
30-0049,B
30-0050,A
30-0051,A
30-0052,A
30-0053,B
30-0054,C
30-0055,C
30-0056,A
30-0057,A
30-0058,D
30-0059,C
30-0060,C
30-0061,C
30-0062,A
30-0063,A
30-0064,C
30-0065,D
30-0066,D
30-0067,D
30-0068,D
30-0069,D
30-0070,C
30-0071,D
30-0072,B
30-0073,D
30-0074,B
30-0075,A
30-0076,C
30-0077,C
30-0078,A
30-0079,A
30-0080,C
30-0081,A
30-0082,C
30-0083,D
30-0084,D
30-0085,A
30-0086,C
30-0087,A
30-0088,A
30-0089,C
30-0090,C
30-0091,D
30-0092,C
30-0093,C
30-0094,C
30-0095,B
30-0096,B
30-0097,B
30-0098,D
30-0099,B
30-0100,D
30-0101,A
30-0102,A
30-0103,A
30-0104,C
30-0105,C
30-0106,C
30-0107,D
30-0108,D
30-0109,C
30-0110,D
30-0111,C
30-0112,A
30-0113,B
30-0114,B
30-0115,D
30-0116,C
30-0117,B
30-0118,C
30-0119,C
30-0120,A
30-0121,B
30-0122,A
30-0123,C
30-0124,C
30-0125,C
30-0126,C
30-0127,C
30-0128,B
30-0129,D
30-0130,C
30-0131,B
30-0132,D
30-0133,A
30-0134,A
30-0135,C
30-0136,C
30-0137,D
30-0138,C
30-0139,A
30-0140,C
30-0141,D
30-0142,C
30-0143,A
30-0144,D
30-0145,C
30-0146,C
30-0147,B
30-0148,D
30-0149,A
30-0150,D
30-0151,D
30-0152,C
30-0153,C
30-0154,C
30-0155,B
30-0156,C
30-0157,A
30-0158,C
30-0159,B
30-0160,C
30-0161,A
30-0162,C
30-0163,A
30-0164,B
30-0165,A
30-0166,B
30-0167,A
30-0168,B
30-0169,C
30-0170,B
30-0171,D
30-0172,C
30-0173,C
30-0174,D
30-0175,A
30-0176,C
30-0177,A
30-0178,C
30-0179,A
30-0180,A
30-0181,A
30-0182,A
30-0183,A
30-0184,A
30-0185,C
30-0186,C
30-0187,C
30-0188,C
30-0189,C
30-0190,B
30-0191,C
30-0192,C
30-0193,D
30-0194,C
30-0195,A
30-0196,C
30-0197,B
30-0198,B
30-0199,C
30-0200,C
29-0021,C
29-0022,A
29-0023,C
29-0024,A
29-0025,C
29-0026,A
29-0027,A
29-0028,A
29-0029,B
29-0030,C
29-0031,C
29-0032,C
29-0033,C
29-0034,C
29-0035,C
29-0036,B
29-0037,D
29-0038,A
29-0039,A
29-0040,A
29-0041,B
29-0042,A
29-0043,C
29-0044,C
29-0045,A
29-0046,C
29-0047,A
29-0048,D
29-0049,C
29-0050,B
29-0051,C
29-0052,B
29-0053,C
29-0054,C
29-0055,B
29-0060,C
29-0061,B
29-0062,C
29-0063,B
29-0064,A
29-0065,A
29-0066,C
29-0067,C
29-0068,C
29-0069,C
29-0070,C
29-0071,A
29-0072,A
29-0073,D
29-0074,A
29-0075,C
29-0076,A
29-0077,B
29-0078,Đ
29-0079,B
29-0080,C
29-0081,C
29-0082,C
29-0083,D
29-0084,A
29-0085,A
29-0086,D
29-0087,C
29-0088,A
29-0089,C
29-0090,D
29-0091,B
29-0092,B
29-0093,C
29-0094,C
29-0095,B
29-0096,A
29-0097,C
29-0098,C
29-0099,A
29-0100,C
29-0101,Đ
29-0102,A
29-0103,C
29-0104,A
29-0105,A
29-0106,A
29-0107,D
29-0108,A
29-0109,C
29-0110,C
29-0111,D
29-0112,A
29-0113,A
29-0114,B
29-0115,D
29-0116,A
29-0117,A
29-0118,D
29-0119,C
29-0120,D
29-0121,B
29-0122,D
29-0123,A
29-0124,C
29-0125,B
29-0126,C
29-0127,B
29-0128,C
29-0129,B
29-0130,C
29-0131,C
29-0132,A
29-0133,C
29-0134,C
29-0135,B
29-0136,D
29-0137,B
29-0138,Đ
29-0139,D
29-0140,C
29-0141,B
29-0142,A
29-0143,Đ
29-0144,C
29-0145,D
29-0146,D
29-0147,A
29-0148,A
29-0149,C
29-0150,C
29-0151,A
29-0152,B
29-0153,D
29-0154,B
29-0155,B
29-0156,Đ
29-0157,B
29-0158,B
29-0159,D
29-0160,A
29-0161,C
29-0162,A
29-0163,D
29-0164,B
29-0165,C
29-0166,C
29-0167,D
29-0168,A
29-0169,C
29-0170,Đ
29-0171,A
29-0172,C
29-0173,D
29-0174,C
29-0175,A
29-0176,B
29-0177,A
29-0178,C
29-0179,A
29-0180,A
29-0181,D
29-0182,B
29-0183,C
29-0184,B
29-0185,A
29-0186,B
29-0187,D
29-0188,A
29-0189,B
29-0190,Đ
29-0191,A
29-0192,B
29-0193,A
29-0194,B
29-0195,A
29-0196,C
29-0197,Đ
29-0198,B
29-0199,C
29-0200,A
29-0201,C
29-0202,A
29-0203,A
29-0204,B
27-0019,C
27-0020,A
27-0021,C
27-0022,B
27-0023,B
27-0024,B
27-0025,B
27-0026,C
27-0027,D
27-0028,B
27-0029,A
27-0030,D
27-0031,B
27-0032,A
27-0033,B
27-0034,C
27-0035,C
27-0036,D
27-0037,C
27-0038,A
27-0039,D
27-0040,C
27-0041,D
27-0042,D
27-0043,C
27-0044,C
27-0045,B
27-0046,A
27-0047,D
27-0048,A
27-0049,B
27-0050,D
27-0051,D
27-0052,D
27-0053,C
27-0054,C
27-0055,A
27-0056,A
27-0057,D
27-0058,B
27-0059,C
27-0060,A
27-0061,C
27-0062,A
27-0063,B
27-0064,C
27-0065,C
27-0066,B
27-0067,D
27-0068,C
27-0069,D
27-0070,D
27-0071,D
27-0072,D
27-0073,C
27-0074,B
27-0075,A
27-0076,D
27-0077,A
27-0078,C
27-0079,C
27-0080,D
27-0081,D
27-0082,A
27-0083,B
27-0084,B
27-0085,B
27-0086,B
27-0087,C
27-0088,D
27-0089,D
27-0090,D
27-0091,D
27-0092,A
27-0093,D
27-0094,D
27-0095,D
27-0096,D
27-0097,A
27-0098,B
27-0099,D
27-0100,B
27-0101,C
27-0102,C
27-0103,D
27-0104,B
27-0105,B
27-0106,B
27-0107,C
27-0108,B
27-0109,A
27-0110,C
27-0111,D
27-0112,C
27-0113,B
27-0114,C
27-0115,A
27-0116,B
27-0117,A
27-0118,A
27-0119,B
27-0120,A
27-0121,A
27-0122,B
27-0123,C
27-0124,C
27-0125,B
27-0126,C
27-0127,D
27-0128,C
27-0129,C
27-0130,A
27-0131,C
27-0132,D
27-0133,B
27-0134,C
27-0135,D
27-0136,D
27-0137,D
27-0138,A
27-0139,C
27-0140,D
27-0141,B
27-0142,A
27-0143,D
27-0144,D
27-0145,C
27-0146,D
27-0147,C
27-0148,C
27-0149,A
27-0150,A
27-0151,D
27-0152,C
27-0153,A
27-0154,D
27-0155,C
27-0156,C
27-0157,D
27-0158,C
27-0159,A
27-0160,C
27-0161,D
27-0162,C
27-0163,B
27-0164,D
27-0165,D
27-0166,A
27-0167,D
27-0168,A
27-0169,A
27-0170,C
27-0171,A
27-0172,B
27-0173,C
27-0174,A
27-0175,A
27-0176,A
27-0177,A
27-0178,C
27-0179,B
27-0180,B
27-0181,B
27-0182,D
27-0183,B
27-0184,A
27-0185,B
27-0186,A
27-0187,C
27-0188,C
27-0189,B
27-0190,A
27-0191,C
27-0192,D
27-0193,B
27-0194,D
27-0195,C
27-0196,B
27-0197,C
26-0021,A
26-0022,D
26-0023,C
26-0024,C
26-0025,B
26-0026,C
26-0027,A
26-0028,A
26-0029,A
26-0030,B
26-0031,A
26-0032,D
26-0034,D
26-0035,A
26-0036,C
26-0037,A
26-0038,C
26-0040,B
26-0041,C
26-0042,D
26-0043,A
26-0045,B
26-0046,C
26-0047,A
26-0048,A
26-0049,C
26-0050,A
26-0051,C
26-0052,C
26-0053,A
26-0054,C
26-0055,C
26-0056,D
26-0057,A
26-0058,C
26-0059,A
26-0060,C
26-0061,A
26-0062,B
26-0063,A
26-0064,C
26-0065,A
26-0066,A
26-0067,A
26-0068,A
26-0069,B
26-0070,D
26-0071,A
26-0072,C
26-0073,A
26-0074,C
26-0075,B
26-0076,C
26-0077,A
26-0078,C
26-0079,B
26-0080,D
26-0081,A
26-0082,C
26-0083,C
26-0084,D
26-0085,A
26-0086,C
26-0087,D
26-0089,D
26-0090,B
26-0091,C
26-0092,C
26-0093,C
26-0094,C
26-0095,B
26-0096,B
26-0097,B
26-0098,C
26-0099,D
26-0100,D
26-0101,C
26-0102,C
26-0103,A
26-0104,D
26-0105,A
26-0106,C
26-0107,D
26-0108,D
26-0109,A
26-0110,C
26-0111,A
26-0112,D
26-0113,D
26-0114,D
26-0115,C
26-0116,A
26-0117,C
26-0118,C
26-0119,C
26-0120,C
26-0121,D
26-0122,A
26-0123,C
26-0124,A
26-0125,A
26-0126,A
26-0127,A
26-0128,A
26-0129,B
26-0130,B
26-0131,D
26-0132,D
26-0133,A
26-0134,B
26-0135,D
26-0136,B
26-0137,D
26-0138,D
26-0139,C
26-0140,C
26-0141,A
26-0142,B
26-0143,A
26-0144,A
26-0145,A
26-0146,C
26-0147,D
26-0148,C
26-0149,B
26-0150,C
26-0151,B
26-0152,D
26-0153,C
26-0154,A
26-0155,B
26-0156,C
26-0157,D
26-0158,A
26-0159,D
26-0160,B
26-0161,C
26-0162,A
26-0163,A
26-0164,B
26-0165,C
26-0166,D
26-0167,D
26-0168,B
26-0169,C
26-0170,B
26-0171,A
26-0172,B
26-0173,D
26-0174,B
26-0175,C
26-0176,D
26-0177,C
26-0178,D
26-0179,A
26-0180,A
26-0181,B
26-0182,A
26-0183,A
26-0184,D
26-0185,B
26-0186,D
26-0187,C
26-0188,D
26-0189,D
26-0190,A
26-0191,A
26-0192,B
26-0193,D
26-0194,A
26-0195,D
26-0196,A
26-0197,B
26-0198,A
50-0022,C
50-0023,C
50-0024,C
50-0025,C
50-0026,D
50-0027,A
50-0028,C
50-0030,B
50-0031,C
50-0032,B
50-0033,C
50-0034,C
50-0035,C
50-0036,A
50-0037,A
50-0038,A
50-0039,C
50-0040,B
50-0041,D
50-0042,D
50-0043,B
50-0044,A
50-0045,B
50-0046,C
50-0047,B
50-0048,D
50-0049,D
50-0050,B
50-0051,A
50-0052,A
50-0053,A
50-0054,A
50-0055,C
50-0056,B
50-0057,C
50-0058,A
50-0059,C
50-0060,A
50-0061,A
50-0062,C
50-0063,A
50-0064,B
50-0065,A
50-0066,C
50-0067,B
50-0068,C
50-0069,C
50-0070,D
50-0071,C
50-0072,B
50-0073,A
50-0074,B
50-0075,C
50-0076,B
50-0077,D
50-0078,A
50-0079,B
50-0080,A
50-0081,B
50-0082,A
50-0083,C
50-0084,A
50-0085,C
50-0086,B
50-0087,B
50-0088,B
50-0089,D
50-0090,A
50-0091,C
50-0092,D
50-0093,D
50-0094,C
50-0095,A
50-0096,D
50-0097,C
50-0098,B
50-0100,B
50-0101,D
50-0102,B
50-0103,A
50-0104,A
50-0105,B
50-0106,A
50-0107,C
50-0108,B
50-0109,C
50-0110,C
50-0111,C
50-0112,D
50-0113,A
50-0114,C
50-0115,B
50-0116,A
50-0117,B
50-0118,D
50-0119,C
50-0120,A
50-0121,C
50-0122,A
50-0123,B
50-0124,C
50-0125,D
50-0126,D
50-0128,D
50-0129,D
50-0132,D
50-0133,D
50-0134,D
50-0135,D
50-0136,D
50-0137,C
50-0138,B
50-0139,D
50-0141,A
50-0142,C
50-0144,C
50-0146,D
50-0147,C
50-0148,D
50-0149,A
50-0150,A
50-0151,C
50-0152,D
50-0153,C
50-0154,A
50-0155,D
50-0156,B
50-0157,D
50-0158,A
50-0159,D
50-0160,C
50-0162,A
50-0164,B
50-0165,C
50-0166,D
50-0167,D
50-0168,A
50-0169,D
50-0170,A
50-0171,B
50-0172,A
50-0173,D
50-0174,D
50-0175,D
50-0176,B
50-0177,B
50-0178,B
50-0179,B
50-0180,B
50-0181,A
50-0182,C
50-0183,D
50-0184,A
50-0185,C
50-0186,C
50-0187,C
50-0188,A
50-0189,C
50-0190,D
50-0191,C
50-0192,C
50-0193,B
50-0194,D
50-0195,A
50-0196,D
50-0197,B
50-0198,B
50-0199,C
56-0019,A
56-0020,D
56-0021,C
56-0022,D
56-0023,B
56-0024,D
56-0025,C
56-0026,D
56-0027,A
56-0028,D
56-0029,C
56-0030,C
56-0031,A
56-0032,D
56-0033,A
56-0034,A
56-0035,A
56-0036,A
56-0037,A
56-0038,B
56-0039,A
56-0040,D
56-0041,C
56-0042,A
56-0043,A
56-0044,B
56-0045,A
56-0046,D
56-0047,D
56-0048,C
56-0049,B
56-0050,C
56-0051,C
56-0052,A
56-0053,B
56-0054,C
56-0055,A
56-0063,C
56-0064,C
56-0065,D
56-0066,D
56-0067,D
56-0068,D
56-0069,C
56-0070,D
56-0071,C
56-0072,B
56-0073,D
56-0074,C
56-0075,A
56-0076,C
56-0077,D
56-0078,C
56-0079,C
56-0080,A
56-0081,C
56-0082,C
56-0083,D
56-0084,C
56-0085,D
56-0086,A
56-0087,A
56-0088,A
56-0089,D
56-0090,C
56-0091,A
56-0092,D
56-0093,C
56-0094,B
56-0095,C
56-0096,C
56-0097,A
56-0098,B
56-0099,A
56-0100,A
56-0101,C
56-0102,B
56-0103,B
56-0104,A
56-0105,C
56-0106,B
56-0107,D
56-0108,C
56-0109,C
56-0110,C
56-0111,A
56-0112,C
56-0113,C
56-0114,C
56-0115,C
56-0116,C
56-0117,C
56-0118,B
56-0119,C
56-0120,C
56-0121,C
56-0122,B
56-0123,C
56-0124,D
56-0125,C
56-0126,C
56-0127,A
56-0128,A
56-0129,C
56-0130,C
56-0131,B
56-0132,A
56-0133,D
56-0134,D
56-0135,A
56-0136,A
56-0137,A
56-0138,B
56-0140,D
56-0141,A
56-0142,A
56-0143,C
56-0144,B
56-0145,B
56-0146,A
56-0147,D
56-0148,C
56-0149,B
56-0150,C
56-0151,A
56-0152,A
56-0153,C
56-0154,C
56-0155,C
56-0156,C
56-0157,A
56-0158,A
56-0159,C
56-0160,A
56-0161,C
56-0162,C
56-0163,C
56-0164,A
56-0165,B
56-0166,C
56-0167,C
56-0168,D
56-0169,C
56-0172,A
56-0173,D
56-0174,C
56-0175,D
56-0176,D
56-0177,B
56-0178,C
56-0179,B
56-0180,C
56-0181,C
56-0182,B
56-0183,C
56-0184,C
56-0185,C
56-0186,A
56-0187,B
56-0188,A
56-0189,B
56-0190,A
56-0191,A
56-0192,A
56-0193,C
56-0194,C
56-0195,A
56-0196,A
56-0197,C
56-0198,D
56-0199,D
58-0021,A
58-0022,A
58-0023,B
58-0024,D
58-0025,B
58-0026,C
58-0027,C
58-0028,B
58-0029,A
58-0030,C
58-0031,C
58-0032,D
58-0033,B
58-0034,B
58-0035,C
58-0036,A
58-0037,B
58-0038,D
58-0039,D
58-0040,C
58-0041,A
58-0042,D
58-0043,B
58-0044,D
58-0045,D
58-0046,C
58-0047,A
58-0048,C
58-0049,C
58-0050,C
58-0051,B
58-0052,C
58-0053,B
58-0054,B
58-0055,A
58-0056,C
58-0057,A
58-0058,B
58-0059,D
58-0060,B
58-0061,C
58-0062,B
58-0063,B
58-0064,C
58-0065,A
58-0066,A
58-0067,A
58-0068,A
58-0069,C
58-0070,A
58-0071,B
58-0072,D
58-0073,A
58-0074,C
58-0075,C
58-0076,C
58-0077,C
58-0078,A
58-0080,B
58-0081,C
58-0082,C
58-0083,B
58-0084,A
58-0085,B
58-0086,B
58-0087,C
58-0088,B
58-0089,A
58-0090,B
58-0091,C
58-0092,A
58-0093,C
58-0095,B
58-0096,A
58-0097,A
58-0098,A
58-0099,C
58-0100,A
58-0101,A
58-0102,A
58-0103,C
58-0104,A
58-0105,B
58-0106,A
58-0107,B
58-0108,A
58-0109,B
58-0110,D
58-0111,B
58-0112,A
58-0113,A
58-0114,A
58-0115,A
58-0116,B
58-0117,C
58-0118,C
58-0119,C
58-0120,C
58-0121,C
58-0122,B
58-0123,D
58-0124,D
58-0125,C
58-0126,C
58-0127,C
58-0128,B
58-0129,B
58-0130,C
58-0131,C
58-0132,C
58-0133,C
58-0134,A
58-0135,C
58-0136,C
58-0137,D
58-0138,A
58-0139,C
58-0140,C
58-0141,B
58-0142,C
58-0143,D
58-0144,C
58-0145,B
58-0146,A
58-0147,A
58-0148,C
58-0149,A
58-0150,D
58-0151,A
58-0152,C
58-0153,B
58-0154,B
58-0155,A
58-0156,C
58-0157,B
58-0158,D
58-0159,B
58-0161,C
58-0162,C
58-0163,C
58-0164,A
58-0165,D
58-0166,D
58-0167,C
58-0169,A
58-0170,A
58-0171,C
58-0173,C
58-0174,C
58-0175,C
58-0176,C
58-0177,C
58-0178,C
58-0180,C
58-0181,C
58-0183,C
58-0184,D
58-0185,C
58-0186,B
58-0187,B
58-0189,C
58-0190,C
58-0191,A
58-0192,A
58-0193,A
58-0194,A
58-0195,A
58-0196,C
58-0197,C
58-0198,C
58-0199,A
57-0020,C
57-0021,A
57-0022,C
57-0023,A
57-0024,D
57-0025,A
57-0026,C
57-0027,D
57-0028,A
57-0029,C
57-0030,B
57-0031,C
57-0032,C
57-0034,D
57-0035,B
57-0036,A
57-0037,A
57-0038,B
57-0039,A
57-0040,A
57-0041,D
57-0042,D
57-0043,A
57-0044,A
57-0045,D
57-0046,B
57-0047,B
57-0049,B
57-0050,C
57-0051,A
57-0052,C
57-0053,A
57-0054,D
57-0055,C
57-0056,A
57-0057,D
57-0058,A
57-0059,C
57-0060,B
57-0061,A
57-0062,C
57-0063,C
57-0064,A
57-0065,C
57-0066,D
57-0067,A
57-0068,B
57-0069,B
57-0070,A
57-0071,C
57-0072,D
57-0073,C
57-0074,A
57-0075,D
57-0076,C
57-0077,B
57-0078,A
57-0079,B
57-0080,A
57-0081,B
57-0082,D
57-0084,A
57-0085,D
57-0086,C
57-0087,A
57-0088,D
57-0089,A
57-0090,B
57-0091,A
57-0092,D
57-0093,A
57-0094,B
57-0095,A
57-0096,B
57-0097,B
57-0099,C
57-0100,D
57-0101,C
57-0102,D
57-0103,C
57-0104,D
57-0105,A
57-0106,C
57-0107,D
57-0108,A
57-0109,A
57-0110,A
57-0111,A
57-0112,A
57-0113,D
57-0114,A
57-0115,A
57-0116,C
57-0117,C
57-0118,C
57-0119,C
57-0120,A
57-0121,D
57-0122,A
57-0123,B
57-0124,D
57-0125,C
57-0126,D
57-0127,C
57-0128,A
57-0129,C
57-0130,A
57-0131,A
57-0132,A
57-0133,A
57-0134,A
57-0135,A
57-0136,C
57-0137,C
57-0138,B
57-0139,D
57-0140,A
57-0141,C
57-0142,A
57-0143,A
57-0144,A
57-0145,C
57-0146,C
57-0147,D
57-0148,A
57-0149,A
57-0150,C
57-0151,C
57-0152,C
57-0153,A
57-0154,B
57-0155,A
57-0156,A
57-0157,A
57-0158,C
57-0159,D
57-0160,C
57-0161,C
57-0162,C
57-0163,A
57-0164,C
57-0165,A
57-0166,D
57-0167,B
57-0168,B
57-0169,B
57-0171,C
57-0172,A
57-0173,A
57-0175,B
57-0176,A
57-0177,D
57-0178,A
57-0179,A
57-0180,C
57-0181,C
57-0183,A
57-0184,C
57-0185,C
57-0186,D
57-0187,B
57-0189,D
57-0190,C
57-0191,D
57-0192,C
57-0193,D
57-0194,C
57-0195,C
57-0196,A
57-0197,A
57-0198,B
52-0019,C
52-0020,C
52-0021,A
52-0022,B
52-0023,D
52-0024,D
52-0025,A
52-0026,C
52-0027,C
52-0028,B
52-0029,B
52-0030,A
52-0031,C
52-0032,C
52-0033,D
52-0034,A
52-0035,E
52-0036,B
52-0037,C
52-0038,E
52-0039,E
52-0040,A
52-0041,A
52-0042,A
52-0043,A
52-0044,A
52-0045,B
52-0046,D
52-0047,B
52-0048,A
52-0049,C
52-0050,C
52-0051,C
52-0052,A
52-0053,B
52-0054,A
52-0055,B
52-0056,D
52-0057,D
52-0058,A
52-0059,A
52-0060,C
52-0061,A
52-0062,D
52-0063,A
52-0064,D
52-0065,A
52-0066,E
52-0067,A
52-0068,B
52-0069,B
52-0072,C
52-0073,D
52-0074,C
52-0075,C
52-0076,C
52-0077,C
52-0078,B
52-0079,C
52-0080,E
52-0081,E
52-0082,E
52-0083,A
52-0084,A
52-0085,A
52-0086,A
52-0087,B
52-0088,E
52-0089,A
52-0090,C
52-0091,C
52-0092,C
52-0093,C
52-0094,A
52-0095,A
52-0096,B
52-0097,E
52-0098,C
52-0099,A
52-0100,A
52-0101,C
52-0102,D
52-0103,A
52-0104,C
52-0105,C
52-0106,A
52-0107,C
52-0108,C
52-0109,D
52-0110,B
52-0111,B
52-0112,D
52-0113,A
52-0114,C
52-0115,A
52-0116,C
52-0119,B
52-0120,B
52-0121,A
52-0122,C
52-0123,A
52-0124,D
52-0125,C
52-0126,C
52-0127,B
52-0128,C
52-0129,B
52-0130,A
52-0131,D
52-0132,B
52-0133,A
52-0134,E
52-0135,C
52-0136,C
52-0137,E
52-0138,B
52-0139,B
52-0140,B
52-0141,D
52-0142,B
52-0143,B
52-0144,A
52-0145,B
52-0146,C
52-0147,E
52-0148,A
52-0149,A
52-0150,A
52-0151,B
52-0152,A
52-0153,B
52-0154,A
52-0155,C
52-0156,C
52-0157,C
52-0158,C
52-0159,E
52-0160,A
52-0161,B
52-0162,C
52-0163,A
52-0164,B
52-0165,C
52-0166,A
52-0167,A
52-0168,D
52-0169,E
52-0170,A
52-0171,D
52-0172,A
52-0173,C
52-0174,E
52-0175,A
52-0176,D
52-0177,A
52-0178,B
52-0179,B
52-0180,E
52-0181,A
52-0184,D
52-0185,A
52-0186,C
52-0187,A
52-0188,B
52-0192,E
52-0193,D
52-0194,C
52-0195,E
52-0196,C
52-0197,A
52-0198,D
53-0019,C
53-0020,A
53-0021,D
53-0022,B
53-0023,C
53-0024,C
53-0025,B
53-0026,A
53-0027,A
53-0028,C
53-0029,A
53-0030,A
53-0031,B
53-0032,C
53-0033,A
53-0034,A
53-0035,C
53-0036,D
53-0037,A
53-0038,C
53-0039,D
53-0040,B
53-0041,A
53-0042,D
53-0043,B
53-0044,A
53-0045,A
53-0046,C
53-0047,A
53-0048,D
53-0049,D
53-0050,C
53-0051,D
53-0052,D
53-0053,D
53-0054,D
53-0055,D
53-0056,D
53-0057,D
53-0058,D
53-0059,D
53-0060,A
53-0061,D
53-0062,D
53-0063,A
53-0064,D
53-0065,D
53-0066,D
53-0067,C
53-0068,B
53-0069,C
53-0070,C
53-0071,C
53-0072,A
53-0073,A
53-0074,A
53-0075,C
53-0076,C
53-0077,A
53-0078,D
53-0079,A
53-0080,A
53-0081,A
53-0082,D
53-0083,A
53-0084,D
53-0085,D
53-0086,C
53-0087,A
53-0088,D
53-0089,C
53-0090,A
53-0091,A
53-0092,B
53-0093,B
53-0094,B
53-0095,A
53-0096,D
53-0097,D
53-0098,C
53-0099,C
53-0100,B
53-0101,C
53-0102,D
53-0103,A
53-0108,B
53-0109,A
53-0110,C
53-0111,B
53-0112,D
53-0113,D
53-0114,C
53-0115,D
53-0116,D
53-0117,A
53-0118,D
53-0119,A
53-0120,C
53-0121,A
53-0122,D
53-0123,A
53-0124,B
53-0125,C
53-0126,A
53-0127,D
53-0128,B
53-0129,A
53-0130,B
53-0131,B
53-0132,B
53-0133,C
53-0134,C
53-0137,A
53-0138,C
53-0139,B
53-0140,D
53-0141,B
53-0142,B
53-0143,C
53-0144,C
53-0146,C
53-0147,D
53-0148,D
53-0149,C
53-0150,D
53-0151,B
53-0152,C
53-0153,D
53-0154,C
53-0155,A
53-0156,C
53-0157,C
53-0158,A
53-0159,A
53-0160,B
53-0161,C
53-0162,A
53-0163,B
53-0164,B
53-0165,A
53-0168,C
53-0169,D
53-0170,A
53-0171,A
53-0172,D
53-0173,A
53-0174,A
53-0175,C
53-0176,D
53-0177,C
53-0178,D
53-0179,A
53-0180,C
53-0181,A
53-0182,A
53-0183,C
53-0184,D
53-0185,D
53-0186,D
53-0187,A
53-0188,D
53-0189,C
53-0190,C
53-0191,C
53-0192,C
53-0193,C
53-0194,C
53-0195,D
53-0196,A
53-0197,C
53-0198,B
55-0019,A
55-0020,B
55-0021,A
55-0022,A
55-0023,A
55-0024,C
55-0025,B
55-0026,B
55-0027,D
55-0028,B
55-0029,A
55-0030,B
55-0031,A
55-0032,D
55-0033,B
55-0034,B
55-0035,A
55-0036,A
55-0037,B
55-0038,D
55-0039,A
55-0040,C
55-0041,A
55-0042,C
55-0043,A
55-0044,A
55-0045,B
55-0046,B
55-0049,A
55-0052,B
55-0053,D
55-0055,D
55-0056,D
55-0057,B
55-0058,A
55-0059,A
55-0060,A
55-0061,A
55-0062,A
55-0063,C
55-0064,A
55-0065,C
55-0066,D
55-0067,C
55-0068,C
55-0069,A
55-0070,A
55-0071,C
55-0072,C
55-0073,A
55-0074,D
55-0075,A
55-0076,C
55-0077,D
55-0078,C
55-0079,C
55-0080,D
55-0081,C
55-0082,A
55-0083,A
55-0084,B
55-0085,A
55-0086,B
55-0087,D
55-0088,A
55-0089,D
55-0090,A
55-0091,A
55-0092,A
55-0093,B
55-0094,A
55-0096,C
55-0097,A
55-0098,D
55-0099,D
55-0100,A
55-0101,A
55-0102,A
55-0103,A
55-0104,C
55-0105,D
55-0106,A
55-0107,D
55-0108,A
55-0109,A
55-0110,A
55-0111,D
55-0112,A
55-0113,B
55-0114,A
55-0115,A
55-0116,A
55-0117,D
55-0118,C
55-0119,B
55-0120,B
55-0121,C
55-0122,A
55-0123,D
55-0124,B
55-0125,C
55-0126,D
55-0127,A
55-0128,A
55-0129,A
55-0130,A
55-0131,C
55-0132,C
55-0133,C
55-0134,C
55-0135,C
55-0136,A
55-0137,A
55-0138,C
55-0139,B
55-0140,C
55-0141,C
55-0142,C
55-0143,D
55-0144,D
55-0145,B
55-0146,D
55-0147,A
55-0148,C
55-0149,A
55-0150,B
55-0151,B
55-0152,C
55-0153,C
55-0154,D
55-0155,B
55-0156,B
55-0157,A
55-0158,A
55-0159,D
55-0160,C
55-0161,C
55-0162,C
55-0163,A
55-0164,D
55-0165,B
55-0166,B
55-0167,A
55-0168,C
55-0169,A
55-0170,C
55-0171,A
55-0172,A
55-0173,A
55-0174,C
55-0175,D
55-0176,A
55-0177,A
55-0178,A
55-0179,C
55-0180,A
55-0181,A
55-0182,A
55-0183,A
55-0184,C
55-0185,C
55-0186,C
55-0187,B
55-0188,A
55-0189,A
55-0190,C
55-0191,A
55-0192,A
55-0193,A
55-0194,C
55-0195,A
55-0196,A
55-0197,A
55-0198,A
54-0011,A
54-0012,A
54-0013,C
54-0014,C
54-0015,C
54-0016,C
54-0017,A
54-0018,C
54-0019,C
54-0020,D
54-0021,C
54-0022,C
54-0023,C
54-0024,D
54-0025,A
54-0026,D
54-0027,C
54-0028,A
54-0029,C
54-0030,C
54-0031,C
54-0032,C
54-0033,A
54-0034,C
54-0035,A
54-0036,B
54-0037,A
54-0038,C
54-0039,A
54-0040,C
54-0041,B
54-0042,D
54-0043,D
54-0044,A
54-0045,C
54-0046,A
54-0047,A
54-0048,D
54-0049,A
54-0050,C
54-0051,A
54-0052,C
54-0053,B
54-0054,C
54-0055,A
54-0056,D
54-0057,B
54-0058,B
54-0059,A
54-0060,A
54-0061,C
54-0062,B
54-0063,C
54-0064,B
54-0065,A
54-0066,D
54-0067,A
54-0068,B
54-0069,C
54-0070,A
54-0071,B
54-0072,C
54-0073,D
54-0074,A
54-0075,A
54-0076,A
54-0077,C
54-0078,B
54-0079,A
54-0080,D
54-0081,C
54-0082,D
54-0083,C
54-0084,A
54-0085,D
54-0086,B
54-0087,C
54-0088,B
54-0089,D
54-0090,A
54-0091,C
54-0092,A
54-0093,A
54-0094,C
54-0095,A
54-0096,C
54-0097,D
54-0098,B
54-0099,A
54-0100,A
54-0103,B
54-0104,A
54-0105,C
54-0106,A
54-0108,C
54-0109,D
54-0110,A
54-0112,A
54-0113,D
54-0120,D
54-0121,A
54-0129,C
51-0021,B
51-0022,D
51-0023,D
51-0024,C
51-0025,C
51-0026,D
51-0027,C
51-0028,C
51-0029,B
51-0030,C
51-0031,D
51-0032,C
51-0033,C
51-0034,B
51-0035,B
51-0036,D
51-0037,A
51-0038,A
51-0039,B
51-0040,A
51-0041,D
51-0042,A
51-0043,B
51-0044,A
51-0045,C
51-0046,C
51-0047,D
51-0048,C
51-0049,C
51-0050,B
51-0051,A
51-0052,A
51-0053,D
51-0054,A
51-0055,C
51-0056,A
51-0057,B
51-0058,C
51-0059,C
51-0060,C
51-0061,C
51-0062,D
51-0063,C
51-0064,C
51-0065,D
51-0066,C
51-0067,C
51-0068,D
51-0069,C
51-0070,B
51-0071,A
51-0072,A
51-0073,A
51-0074,B
51-0075,D
51-0076,C
51-0077,C
51-0078,D
51-0079,C
51-0080,D
51-0081,D
51-0082,A
51-0083,D
51-0084,D
51-0085,D
51-0086,A
51-0087,A
51-0088,D
51-0089,A
51-0090,B
51-0091,C
51-0092,A
51-0093,C
51-0094,A
51-0095,D
51-0096,D
51-0097,C
51-0098,A
51-0099,A
51-0100,C
51-0101,C
51-0102,C
51-0103,D
51-0104,C
51-0105,A
51-0106,C
51-0107,A
51-0108,A
51-0109,B
51-0110,A
51-0111,B
51-0112,C
51-0113,B
51-0114,B
51-0115,D
51-0116,A
51-0117,C
51-0118,D
51-0119,C
51-0120,C
51-0121,A
51-0122,A
51-0123,A
51-0124,D
51-0125,A
51-0126,A
51-0127,D
51-0128,C
51-0129,A
51-0130,A
51-0131,C
51-0132,C
51-0133,A
51-0134,C
51-0135,A
51-0136,A
51-0137,A
51-0138,A
51-0139,A
51-0140,A
51-0141,A
51-0142,A
51-0143,A
51-0144,A
51-0145,A
51-0146,C
51-0147,D
51-0148,C
51-0149,C
51-0150,C
51-0151,D
51-0152,D
51-0153,A
51-0154,D
51-0155,C
51-0156,A
51-0157,C
51-0158,A
51-0159,C
51-0160,D
51-0161,A
51-0162,A
51-0163,C
51-0164,A
51-0165,D
51-0166,C
51-0167,C
51-0168,A
51-0169,A
51-0170,D
51-0171,C
51-0172,A
51-0173,A
51-0174,B
51-0175,B
51-0176,A
51-0177,C
51-0178,A
51-0179,D
51-0180,D
51-0181,D
51-0182,C
51-0183,D
51-0184,D
51-0185,A
51-0186,C
51-0187,A
51-0188,D
51-0189,C
51-0190,C
51-0191,C
51-0192,C
51-0193,A
51-0194,A
51-0195,B
51-0196,B
51-0197,D
51-0198,B
51-0199,B
51-0200,A
21-0019,Đ
21-0020,A
21-0021,D
21-0022,A
21-0023,A
21-0024,B
21-0025,C
21-0026,B
21-0027,B
21-0028,B
21-0029,B
21-0030,B
21-0031,B
21-0032,B
21-0033,B
21-0034,B
21-0035,D
21-0036,C
21-0037,C
21-0038,C
21-0039,B
21-0040,B
21-0041,Đ
21-0043,A
21-0044,A
21-0045,A
21-0046,C
21-0047,A
21-0048,A
21-0049,A
21-0050,A
21-0051,C
21-0052,A
21-0053,C
21-0054,B
21-0055,C
21-0056,D
21-0057,A
21-0058,A
21-0059,A
21-0060,A
21-0061,A
21-0062,A
21-0063,B
21-0064,A
21-0065,Đ
21-0066,C
21-0067,D
21-0068,A
21-0069,A
21-0070,A
21-0071,A
21-0072,A
21-0073,C
21-0074,A
21-0075,A
21-0076,A
21-0077,B
21-0078,D
21-0079,D
21-0080,B
21-0081,C
21-0082,B
21-0083,B
21-0084,B
21-0085,B
21-0086,A
21-0087,A
21-0088,Đ
21-0089,C
21-0090,C
21-0091,A
21-0092,A
21-0093,A
21-0094,C
21-0095,C
21-0096,B
21-0097,Đ
21-0098,B
21-0099,Đ
21-0100,B
21-0101,Đ
21-0102,A
21-0103,B
21-0104,A
21-0105,A
21-0106,B
21-0107,Đ
21-0108,B
21-0109,B
21-0110,A
21-0111,D
21-0112,Đ
21-0113,C
21-0114,A
21-0115,Đ
21-0116,B
21-0117,Đ
21-0118,B
21-0119,Đ
21-0120,Đ
21-0121,B
21-0122,A
21-0123,B
21-0124,B
21-0125,Đ
21-0126,C
21-0127,Đ
21-0128,C
21-0129,Đ
21-0130,C
21-0131,Đ
21-0132,Đ
21-0133,A
21-0134,C
21-0135,C
21-0136,C
21-0137,A
21-0138,Đ
21-0139,B
21-0140,B
21-0141,B
21-0142,Đ
21-0143,C
21-0144,Đ
21-0145,C
21-0146,Đ
21-0147,B
21-0148,B
21-0149,C
21-0150,A
21-0151,C
21-0152,Đ
21-0153,B
21-0154,A
21-0155,Đ
21-0156,C
21-0157,A
21-0158,Đ
21-0159,Đ
21-0160,B
21-0161,C
21-0162,B
21-0163,B
21-0164,Đ
21-0165,B
21-0166,B
21-0167,Đ
21-0168,Đ
21-0169,B
21-0170,B
21-0171,B
21-0172,D
21-0173,Đ
21-0174,C
21-0175,C
21-0176,A
21-0177,B
21-0178,C
21-0179,C
21-0180,Đ
21-0181,B
21-0182,A
21-0183,C
21-0184,C
21-0185,Đ
21-0186,B
21-0187,B
21-0188,B
21-0189,A
21-0190,B
21-0191,Đ
21-0192,A
21-0193,A
03-0019,C
03-0020,D
03-0021,A
03-0022,A
03-0023,D
03-0024,C
03-0025,C
03-0026,B
03-0027,A
03-0028,A
03-0029,A
03-0030,A
03-0031,A
03-0032,A
03-0033,B
03-0034,D
03-0035,B
03-0036,B
03-0037,A
03-0038,A
03-0039,A
03-0040,C
03-0041,D
03-0042,A
03-0043,B
03-0044,B
03-0045,A
03-0046,A
03-0047,D
03-0048,A
03-0049,A
03-0050,C
03-0051,A
03-0052,A
03-0053,A
03-0054,C
03-0055,D
03-0056,B
03-0057,A
03-0058,A
03-0059,A
03-0060,C
03-0061,C
03-0062,C
03-0063,D
03-0064,A
03-0065,D
03-0067,C
03-0070,A
03-0072,B
03-0073,A
03-0074,D
03-0075,C
03-0076,D
03-0077,C
03-0078,A
03-0079,A
03-0080,A
03-0081,A
03-0082,D
03-0083,A
03-0084,D
03-0085,A
03-0086,A
03-0087,C
03-0088,B
03-0089,B
03-0090,A
03-0091,A
03-0092,C
03-0096,C
03-0098,A
03-0099,D
03-0101,A
03-0103,A
03-0104,A
03-0105,A
03-0106,A
03-0107,D
03-0108,B
03-0109,A
03-0110,A
03-0111,C
03-0112,C
03-0113,C
03-0114,C
03-0115,C
03-0116,A
03-0117,C
03-0118,B
03-0119,A
03-0120,A
03-0121,A
03-0122,D
03-0123,C
03-0124,C
03-0125,A
03-0126,B
03-0127,A
03-0128,D
03-0129,C
03-0130,A
03-0131,A
03-0132,B
03-0133,D
03-0134,D
03-0135,D
03-0136,B
03-0137,C
03-0138,B
03-0139,A
03-0140,A
03-0141,C
03-0142,B
03-0143,A
03-0144,D
03-0145,D
03-0146,B
03-0147,A
03-0148,C
03-0149,C
03-0150,D
03-0151,A
03-0152,A
03-0153,C
03-0154,C
03-0155,C
03-0156,C
03-0157,D
03-0158,B
03-0159,A
03-0160,C
03-0161,B
03-0162,D
03-0163,C
03-0164,D
03-0165,A
03-0166,C
03-0167,B
03-0168,D
03-0169,B
03-0171,B
03-0172,D
03-0173,A
03-0174,B
03-0175,C
03-0176,D
03-0177,A
03-0178,D
03-0179,A
03-0180,B
03-0181,A
03-0182,B
03-0183,B
03-0184,C
03-0185,A
03-0186,C
03-0187,C
03-0188,D
03-0189,B
03-0190,A
03-0191,C
03-0192,D
03-0193,B
03-0194,D
03-0195,A
03-0196,C
03-0197,A
03-0198,B
03-0199,C
01-0022,C
01-0023,A
01-0024,A
01-0025,D
01-0026,C
01-0027,B
01-0028,C
01-0029,C
01-0030,A
01-0031,C
01-0032,B
01-0033,B
01-0034,B
01-0035,A
01-0036,D
01-0037,C
01-0038,A
01-0039,B
01-0040,A
01-0041,Đ
01-0042,A
01-0043,A
01-0044,C
01-0045,A
01-0046,A
01-0047,A
01-0048,C
01-0049,Đ
01-0050,A
01-0051,C
01-0052,C
01-0053,C
01-0054,A
01-0055,C
01-0056,C
01-0057,C
01-0058,C
01-0059,B
01-0060,D
01-0061,C
01-0062,B
01-0063,B
01-0064,B
01-0065,B
01-0066,D
01-0067,A
01-0068,D
01-0069,C
01-0070,C
01-0071,A
01-0072,C
01-0073,A
01-0074,C
01-0075,C
01-0076,A
01-0077,D
01-0078,B
01-0079,C
01-0080,C
01-0081,A
01-0082,A
01-0083,A
01-0084,C
01-0085,B
01-0086,C
01-0087,Đ
01-0088,B
01-0089,B
01-0090,A
01-0091,C
01-0092,C
01-0093,C
01-0094,A
01-0095,A
01-0096,A
01-0097,B
01-0098,A
01-0099,Đ
01-0100,B
01-0101,C
01-0102,C
01-0103,C
01-0104,A
01-0105,C
01-0106,A
01-0107,A
01-0108,C
01-0109,C
01-0110,A
01-0111,D
01-0112,A
01-0113,A
01-0114,C
01-0115,C
01-0116,A
01-0117,B
01-0118,C
01-0119,A
01-0120,A
01-0121,C
01-0122,A
01-0123,C
01-0125,A
01-0126,A
01-0127,A
01-0128,A
01-0129,C
01-0130,D
01-0131,A
01-0132,Đ
01-0133,A
01-0134,C
01-0135,C
01-0136,C
01-0137,C
01-0138,C
01-0139,C
01-0140,A
01-0141,C
01-0142,A
01-0143,B
01-0144,A
01-0145,B
01-0146,C
01-0147,A
01-0148,B
01-0149,C
01-0150,B
01-0151,C
01-0152,C
01-0153,B
01-0154,C
01-0155,A
01-0156,C
01-0157,B
01-0158,A
01-0159,C
01-0160,C
01-0161,A
01-0162,Đ
01-0163,C
01-0164,A
01-0165,C
01-0166,C
01-0167,D
01-0168,C
01-0169,B
01-0170,A
01-0171,B
01-0172,B
01-0173,D
01-0174,C
01-0175,C
01-0176,D
01-0177,A
01-0178,C
01-0179,C
01-0180,A
01-0181,B
01-0182,D
01-0183,C
01-0184,C
01-0185,A
01-0186,A
01-0187,C
01-0188,A
01-0189,B
01-0190,C
01-0191,C
01-0192,C
01-0193,C
01-0194,A
01-0195,A
01-0196,C
01-0197,A
01-0198,C
01-0199,B
01-0200,C
01-0201,A
01-0202,B
20-0023,D
20-0024,C
20-0025,D
20-0026,B
20-0027,B
20-0028,A
20-0029,A
20-0030,C
20-0031,B
20-0032,A
20-0033,B
20-0034,C
20-0035,D
20-0036,B
20-0037,C
20-0038,D
20-0039,C
20-0040,D
20-0041,A
20-0042,A
20-0043,C
20-0044,A
20-0045,B
20-0046,A
20-0047,C
20-0048,B
20-0049,A
20-0050,D
20-0051,C
20-0052,B
20-0053,A
20-0054,A
20-0055,B
20-0056,B
20-0057,C
20-0058,D
20-0059,B
20-0060,B
20-0061,D
20-0062,B
20-0063,D
20-0064,D
20-0065,A
20-0066,B
20-0067,D
20-0068,B
20-0069,B
20-0070,D
20-0071,D
20-0072,C
20-0073,B
20-0074,D
20-0075,B
20-0076,C
20-0077,A
20-0078,C
20-0079,A
20-0080,A
20-0081,D
20-0082,A
20-0083,C
20-0084,D
20-0085,A
20-0086,B
20-0087,B
20-0088,B
20-0089,B
20-0090,D
20-0091,C
20-0092,A
20-0093,D
20-0094,B
20-0095,A
20-0096,A
20-0097,B
20-0098,C
20-0099,C
20-0100,B
20-0101,B
20-0103,D
20-0104,D
20-0105,A
20-0106,D
20-0108,C
20-0110,C
20-0113,C
20-0114,C
20-0115,A
20-0117,A
20-0121,C
20-0122,B
20-0123,C
20-0126,D
20-0128,D
20-0129,A
20-0130,C
20-0134,D
20-0135,A
20-0136,C
20-0138,B
20-0139,D
20-0140,B
20-0141,C
20-0142,B
20-0143,C
20-0144,A
20-0145,C
20-0146,A
20-0147,B
20-0148,B
20-0149,C
20-0150,A
20-0151,C
20-0152,C
20-0153,C
20-0154,C
20-0155,B
20-0156,B
20-0157,A
20-0158,B
20-0159,B
20-0161,B
20-0162,C
20-0163,C
20-0165,B
20-0166,A
20-0167,C
20-0168,D
20-0169,B
20-0170,C
20-0171,C
20-0172,B
20-0173,C
20-0174,D
20-0175,D
20-0176,A
20-0177,A
20-0178,B
20-0179,C
20-0180,B
20-0183,A
20-0184,A
20-0185,C
20-0186,C
20-0193,B
20-0194,C
20-0195,A
20-0196,C
20-0197,C
20-0198,B
20-0199,C
20-0200,B
20-0201,C
20-0202,C
20-0203,C
20-0204,C
20-0205,C
20-0206,D
20-0208,C
20-0209,A
20-0210,D
20-0211,B
20-0212,D
20-0215,C
20-0216,C
20-0217,A
20-0218,A
20-0219,D
20-0220,D
20-0221,B
20-0222,A
20-0223,C
20-0224,C
20-0225,D
20-0226,A
20-0227,B
20-0228,D
20-0229,B
20-0230,D
20-0236,C
02-0035,C
02-0036,C
02-0037,A
02-0042,C
02-0044,D
02-0047,B
02-0048,B
02-0050,D
02-0054,B
02-0055,C
02-0056,A
02-0057,D
02-0058,C
02-0059,A
02-0060,A
02-0061,C
02-0062,B
02-0066,B
02-0067,B
02-0069,C
02-0072,C
02-0078,A
02-0081,A
02-0082,D
02-0083,C
02-0084,A
02-0093,A
02-0113,D
02-0114,B
02-0115,C
02-0116,B
02-0119,B
02-0120,D
02-0121,D
02-0123,A
02-0125,C
02-0126,B
02-0127,D
02-0128,B
02-0132,B
02-0133,B
02-0134,D
02-0135,B
02-0136,C
02-0137,A
02-0138,B
02-0139,A
02-0140,D
02-0142,D
02-0143,A
02-0144,A
02-0145,A
02-0146,B
02-0147,D
02-0148,D
02-0150,C
02-0151,B
02-0152,D
02-0153,C
02-0154,C
02-0158,A
02-0161,B
02-0163,D
02-0164,C
02-0167,D
02-0168,D
02-0169,D
02-0170,D
02-0171,C
02-0173,A
02-0174,C
02-0179,D
02-0181,D
02-0182,C
02-0183,A
02-0184,D
02-0185,B
02-0186,B
02-0187,D
02-0188,D
02-0190,C
02-0191,C
02-0192,D
02-0193,A
02-0194,D
02-0195,D
02-0196,A
02-0197,B
02-0198,A
02-0199,A
02-0200,B
02-0207,A
02-0208,B
02-0209,A
02-0210,B
02-0211,C
02-0212,B
02-0213,C
02-0214,A
02-0215,D
02-0217,C
02-0218,D
02-0219,C
02-0220,C
02-0222,C
02-0224,C
02-0225,A
02-0226,C
02-0228,B
02-0229,C
02-0232,A
02-0233,B
02-0238,C
02-0239,D
02-0240,D
02-0241,A
02-0242,C
02-0244,C
02-0245,A
02-0246,A
02-0247,A
02-0248,D
02-0256,B
02-0261,D
02-0262,C
02-0263,D
02-0264,A
02-0268,D
02-0269,D
02-0270,C
02-0271,C
02-0272,C
02-0274,C
02-0275,D
02-0277,C
02-0278,A
02-0279,D
02-0280,B
02-0281,A
02-0282,B
02-0284,B
02-0285,A
02-0286,B
02-0287,D
02-0289,A
02-0290,D
02-0291,D
02-0292,D
02-0293,E
02-0295,B
02-0296,D
02-0297,B
02-0298,B
02-0299,D
02-0300,A
02-0301,C
02-0302,D
02-0303,D
02-0304,D
02-0305,D
02-0306,A
02-0307,D
02-0308,D
02-0309,D
02-0310,A
02-0311,A
02-0312,B
02-0313,D
02-0314,C
02-0315,A
02-0316,C
02-0317,A
02-0319,D
02-0320,A
02-0321,D
02-0322,C
02-0324,D
02-0326,C
02-0334,C
02-0335,D
18-0019,C
18-0020,B
18-0021,A
18-0022,C
18-0023,B
18-0024,A
18-0025,B
18-0026,C
18-0027,B
18-0028,C
18-0029,D
18-0030,C
18-0031,B
18-0032,A
18-0033,C
18-0034,A
18-0035,A
18-0036,A
18-0037,C
18-0038,C
18-0039,C
18-0040,B
18-0041,A
18-0042,B
18-0043,B
18-0044,C
18-0045,D
18-0046,C
18-0047,B
18-0048,C
18-0049,C
18-0050,D
18-0051,B
18-0052,A
18-0053,B
18-0054,B
18-0055,D
18-0056,D
18-0057,B
18-0058,C
18-0059,C
18-0060,B
18-0061,D
18-0062,A
18-0063,C
18-0064,A
18-0065,D
18-0066,D
18-0067,B
18-0068,A
18-0069,C
18-0070,C
18-0071,C
18-0072,C
18-0073,C
18-0074,A
18-0075,A
18-0076,C
18-0077,B
18-0078,B
18-0079,A
18-0080,D
18-0081,C
18-0082,C
18-0083,A
18-0084,B
18-0085,C
18-0086,C
18-0087,D
18-0088,A
18-0089,B
18-0090,D
18-0091,A
18-0092,B
18-0093,C
18-0094,C
18-0095,B
18-0096,A
18-0097,D
18-0098,B
18-0099,A
18-0100,C
18-0101,A
18-0102,B
18-0103,A
18-0104,A
18-0105,C
18-0106,C
18-0107,A
18-0108,C
18-0109,C
18-0110,C
18-0111,A
18-0112,A
18-0113,A
18-0114,A
18-0115,B
18-0116,B
18-0117,C
18-0118,A
18-0119,B
18-0120,D
18-0121,D
18-0122,A
18-0123,B
18-0124,A
18-0125,A
18-0126,C
18-0127,D
18-0128,D
18-0129,C
18-0130,B
18-0131,D
18-0132,C
18-0133,B
18-0134,D
18-0135,C
18-0136,D
18-0137,B
18-0138,C
18-0139,C
18-0140,D
18-0141,A
18-0142,C
18-0143,B
18-0144,D
18-0145,C
18-0146,D
18-0147,C
18-0148,C
18-0149,B
18-0150,B
18-0151,A
18-0152,D
18-0153,B
18-0154,D
18-0155,B
18-0156,C
18-0157,B
18-0158,B
18-0159,C
18-0160,D
18-0161,C
18-0162,A
18-0163,B
18-0164,C
18-0165,C
18-0166,A
18-0167,C
18-0168,B
18-0169,C
18-0170,B
18-0171,A
18-0172,C
18-0173,B
18-0174,B
18-0175,C
18-0176,C
18-0177,C
18-0178,C
18-0179,D
18-0180,B
18-0181,B
18-0182,D
18-0183,D
18-0184,A
18-0185,B
18-0186,D
18-0187,A
18-0188,C
18-0189,D
18-0190,A
18-0191,B
18-0192,C
18-0193,A
18-0194,C
18-0195,A
18-0197,C
18-0198,D
11-0021,C
11-0022,D
11-0023,B
11-0024,D
11-0025,A
11-0026,C
11-0027,C
11-0028,A
11-0029,C
11-0030,A
11-0031,B
11-0032,A
11-0033,B
11-0034,C
11-0035,A
11-0036,A
11-0037,B
11-0038,D
11-0039,A
11-0040,A
11-0041,D
11-0042,B
11-0043,A
11-0044,B
11-0045,B
11-0046,C
11-0047,A
11-0048,B
11-0049,D
11-0050,B
11-0051,A
11-0052,A
11-0053,D
11-0054,A
11-0055,B
11-0056,A
11-0057,A
11-0058,B
11-0059,D
11-0060,A
11-0061,A
11-0062,A
11-0063,D
11-0064,A
11-0065,D
11-0066,A
11-0067,C
11-0068,A
11-0069,C
11-0070,C
11-0071,B
11-0072,A
11-0073,B
11-0074,A
11-0075,A
11-0076,A
11-0077,B
11-0078,A
11-0079,D
11-0080,D
11-0081,B
11-0082,A
11-0083,D
11-0084,B
11-0085,D
11-0086,A
11-0087,D
11-0088,C
11-0089,A
11-0090,B
11-0091,A
11-0092,B
11-0093,C
11-0094,D
11-0095,C
11-0096,B
11-0097,A
11-0098,D
11-0099,B
11-0100,B
11-0101,A
11-0102,B
11-0103,A
11-0104,C
11-0105,A
11-0106,B
11-0107,B
11-0108,A
11-0109,A
11-0110,A
11-0111,A
11-0112,B
11-0113,A
11-0114,D
11-0115,A
11-0116,D
11-0117,B
11-0118,C
11-0119,B
11-0120,C
11-0121,A
11-0122,D
11-0123,A
11-0124,C
11-0125,C
11-0126,A
11-0127,D
11-0128,A
11-0129,A
11-0130,C
11-0131,B
11-0132,D
11-0133,C
11-0134,D
11-0135,C
11-0136,D
11-0137,A
11-0138,C
11-0139,C
11-0140,A
11-0141,B
11-0142,B
11-0143,B
11-0144,A
11-0145,B
11-0146,D
11-0147,C
11-0148,D
11-0149,C
11-0150,D
11-0151,B
11-0152,B
11-0153,A
11-0154,B
11-0155,D
11-0156,B
11-0157,A
11-0158,D
11-0159,C
11-0160,C
11-0161,A
11-0162,A
11-0163,B
11-0164,A
11-0165,B
11-0166,C
11-0167,D
11-0168,D
11-0169,C
11-0170,C
11-0171,C
11-0172,B
11-0173,D
11-0174,C
11-0175,B
11-0176,B
11-0177,A
11-0178,C
11-0179,D
11-0180,B
11-0181,B
11-0182,D
11-0183,C
11-0184,C
11-0185,B
11-0186,C
11-0187,C
11-0188,A
11-0189,A
11-0190,B
11-0191,C
11-0192,D
11-0193,C
11-0194,C
11-0195,B
11-0196,C
11-0197,C
11-0198,B
11-0199,B
11-0200,C
08-0021,C
08-0022,C
08-0023,A
08-0024,D
08-0025,A
08-0026,A
08-0027,B
08-0028,C
08-0029,C
08-0030,A
08-0031,C
08-0032,A
08-0033,D
08-0034,A
08-0035,A
08-0036,B
08-0037,B
08-0038,C
08-0039,C
08-0040,A
08-0041,B
08-0042,C
08-0043,A
08-0044,D
08-0045,B
08-0046,C
08-0047,A
08-0048,A
08-0049,B
08-0050,A
08-0051,C
08-0052,A
08-0053,D
08-0054,C
08-0055,A
08-0056,C
08-0057,B
08-0058,A
08-0059,C
08-0060,C
08-0061,C
08-0062,B
08-0063,A
08-0064,C
08-0065,A
08-0066,C
08-0067,C
08-0068,A
08-0069,C
08-0070,C
08-0071,B
08-0072,A
08-0073,A
08-0074,A
08-0075,C
08-0076,A
08-0077,C
08-0078,A
08-0079,A
08-0080,A
08-0081,A
08-0082,D
08-0083,B
08-0084,A
08-0085,A
08-0086,C
08-0087,B
08-0088,C
08-0089,D
08-0090,B
08-0091,A
08-0092,D
08-0093,A
08-0094,B
08-0095,C
08-0096,D
08-0097,C
08-0098,B
08-0099,C
08-0100,A
08-0101,B
08-0102,C
08-0103,C
08-0104,C
08-0105,D
08-0106,A
08-0107,B
08-0108,C
08-0109,B
08-0110,A
08-0111,C
08-0112,A
08-0113,C
08-0114,(
08-0115,C
08-0116,C
08-0117,C
08-0118,C
08-0119,C
08-0120,B
08-0121,B
08-0122,C
08-0123,A
08-0124,A
08-0125,A
08-0126,C
08-0127,C
08-0128,A
08-0129,C
08-0130,A
08-0131,A
08-0132,D
08-0133,C
08-0134,C
08-0135,C
08-0136,C
08-0137,B
08-0138,D
08-0139,B
08-0140,C
08-0141,D
08-0142,C
08-0143,A
08-0144,C
08-0145,C
08-0146,A
08-0147,B
08-0148,A
08-0149,C
08-0150,A
08-0151,B
08-0152,A
08-0153,D
08-0154,B
08-0155,A
08-0156,C
08-0157,C
08-0158,A
08-0159,A
08-0160,C
08-0161,C
08-0162,D
08-0163,A
08-0164,A
08-0165,B
08-0166,C
08-0167,C
08-0168,D
08-0169,C
08-0170,B
08-0171,C
08-0172,D
08-0173,A
08-0174,C
08-0175,C
08-0176,D
08-0177,A
08-0178,B
08-0179,D
08-0180,A
08-0181,C
08-0182,C
08-0183,A
08-0184,A
08-0185,A
08-0186,B
08-0187,C
08-0188,C
08-0189,A
08-0190,C
08-0191,A
08-0192,A
08-0193,A
08-0194,C
08-0195,A
08-0196,A
08-0197,A
08-0198,C
08-0199,A
08-0200,C
17-0019,A
17-0020,B
17-0021,D
17-0022,B
17-0023,A
17-0024,A
17-0025,A
17-0026,C
17-0027,D
17-0028,D
17-0029,C
17-0030,D
17-0031,A
17-0032,B
17-0033,D
17-0034,C
17-0035,D
17-0036,D
17-0037,A
17-0038,B
17-0039,A
17-0040,D
17-0041,A
17-0042,C
17-0043,C
17-0044,A
17-0045,A
17-0046,B
17-0047,C
17-0048,B
17-0049,C
17-0050,D
17-0051,B
17-0052,C
17-0053,A
17-0054,D
17-0055,C
17-0056,D
17-0057,C
17-0059,D
17-0060,A
17-0061,A
17-0062,A
17-0063,A
17-0064,B
17-0065,D
17-0066,C
17-0067,C
17-0068,C
17-0070,C
17-0071,C
17-0072,C
17-0073,C
17-0074,C
17-0075,C
17-0077,A
17-0078,C
17-0079,C
17-0080,A
17-0081,A
17-0082,C
17-0084,C
17-0085,A
17-0086,C
17-0087,A
17-0088,C
17-0089,A
17-0090,D
17-0091,A
17-0092,A
17-0093,B
17-0094,C
17-0096,B
17-0097,A
17-0098,B
17-0099,C
17-0100,A
17-0101,C
17-0102,A
17-0103,A
17-0104,C
17-0105,C
17-0106,C
17-0107,D
17-0109,C
17-0110,C
17-0111,C
17-0112,C
17-0113,D
17-0114,A
17-0115,A
17-0116,B
17-0117,C
17-0118,B
17-0119,A
17-0120,A
17-0121,A
17-0122,B
17-0123,B
17-0124,A
17-0125,C
17-0126,C
17-0127,C
17-0128,A
17-0129,A
17-0130,B
17-0131,B
17-0132,A
17-0133,B
17-0134,D
17-0135,A
17-0136,D
17-0137,D
17-0138,D
17-0139,C
17-0140,C
17-0141,D
17-0142,A
17-0143,D
17-0144,A
17-0145,B
17-0146,B
17-0148,C
17-0149,A
17-0150,C
17-0151,C
17-0152,D
17-0153,D
17-0154,A
17-0155,A
17-0156,D
17-0157,D
17-0158,C
17-0159,B
17-0160,C
17-0161,A
17-0162,A
17-0163,D
17-0164,A
17-0165,C
17-0166,C
17-0167,A
17-0168,C
17-0169,C
17-0170,A
17-0171,C
17-0172,C
17-0173,A
17-0174,A
17-0175,A
17-0176,B
17-0177,B
17-0178,A
17-0179,C
17-0180,C
17-0181,C
17-0182,B
17-0183,A
17-0184,B
17-0185,C
17-0186,C
17-0187,A
17-0188,C
17-0189,C
17-0190,C
17-0191,C
17-0192,C
17-0193,C
17-0194,B
17-0195,B
17-0196,B
17-0197,A
17-0198,A
07-0021,C
07-0022,A
07-0023,A
07-0024,D
07-0025,D
07-0026,A
07-0027,A
07-0028,B
07-0029,D
07-0030,C
07-0031,B
07-0032,D
07-0033,C
07-0034,C
07-0035,C
07-0036,C
07-0037,C
07-0038,C
07-0039,C
07-0043,D
07-0044,C
07-0045,A
07-0047,C
07-0048,B
07-0049,B
07-0050,C
07-0051,A
07-0052,C
07-0053,C
07-0054,A
07-0055,B
07-0056,D
07-0057,D
07-0058,B
07-0059,C
07-0060,B
07-0061,C
07-0062,D
07-0063,C
07-0064,B
07-0065,D
07-0066,B
07-0067,C
07-0068,B
07-0069,C
07-0070,C
07-0071,B
07-0072,B
07-0073,A
07-0074,A
07-0075,B
07-0076,B
07-0077,B
07-0078,C
07-0079,C
07-0081,C
07-0082,C
07-0083,A
07-0084,C
07-0085,D
07-0086,B
07-0087,A
07-0088,A
07-0089,C
07-0090,A
07-0091,B
07-0092,C
07-0093,A
07-0094,D
07-0095,D
07-0097,C
07-0098,C
07-0099,C
07-0100,A
07-0101,C
07-0102,D
07-0103,A
07-0104,C
07-0105,D
07-0106,C
07-0107,C
07-0108,C
07-0109,B
07-0110,B
07-0111,C
07-0112,D
07-0113,A
07-0114,C
07-0115,C
07-0116,D
07-0117,C
07-0118,D
07-0119,C
07-0120,B
07-0121,B
07-0122,C
07-0123,D
07-0124,A
07-0125,C
07-0126,B
07-0127,A
07-0128,B
07-0129,A
07-0130,B
07-0131,C
07-0132,C
07-0133,C
07-0134,D
07-0135,B
07-0136,C
07-0137,D
07-0138,D
07-0139,A
07-0140,A
07-0141,C
07-0142,B
07-0143,C
07-0144,C
07-0145,C
07-0146,A
07-0147,D
07-0148,C
07-0149,A
07-0150,C
07-0151,C
07-0152,C
07-0153,A
07-0154,C
07-0155,C
07-0156,C
07-0157,D
07-0158,B
07-0159,C
07-0160,C
07-0161,C
07-0163,D
07-0164,D
07-0165,B
07-0166,A
07-0168,D
07-0169,D
07-0170,A
07-0171,D
07-0172,B
07-0173,A
07-0174,D
07-0175,D
07-0176,B
07-0177,C
07-0178,B
07-0179,B
07-0180,B
07-0181,D
07-0182,D
07-0183,B
07-0184,D
07-0185,A
07-0186,A
07-0187,D
07-0188,C
07-0189,C
07-0190,D
07-0191,D
07-0192,A
07-0193,C
07-0194,B
07-0195,D
07-0196,C
07-0197,C
07-0198,D
07-0199,C
07-0200,B
07-0201,C
07-0202,C
07-0203,A
07-0204,D
07-0205,D
07-0206,D
07-0207,C
07-0208,A
05-0012,C
05-0013,A
05-0014,A
05-0015,A
05-0016,A
05-0017,C
05-0018,C
05-0019,C
05-0020,C
05-0021,C
05-0022,A
05-0023,A
05-0024,A
05-0025,C
05-0026,D
05-0027,C
05-0028,C
05-0029,A
05-0030,D
05-0031,C
05-0032,A
05-0033,B
05-0035,A
05-0036,A
05-0037,A
05-0038,A
05-0039,B
05-0040,C
05-0041,A
05-0042,A
05-0043,A
05-0044,A
05-0045,C
05-0046,C
05-0047,C
05-0048,C
05-0049,D
05-0050,C
05-0051,A
05-0052,C
05-0053,A
05-0054,C
05-0055,D
05-0056,C
05-0057,C
05-0058,A
05-0059,C
05-0060,A
05-0061,A
05-0062,C
05-0063,C
05-0064,B
05-0065,C
05-0066,A
05-0067,B
05-0068,C
05-0069,D
05-0070,A
05-0071,A
05-0072,A
05-0073,A
05-0074,A
05-0075,C
05-0076,A
05-0077,A
05-0078,B
05-0079,A
05-0080,C
05-0081,A
05-0082,C
05-0083,C
05-0084,A
05-0085,C
05-0086,B
05-0087,C
05-0088,B
05-0089,A
05-0090,B
05-0091,A
05-0092,C
05-0093,C
05-0094,A
05-0095,B
05-0096,C
05-0097,A
05-0098,C
05-0099,A
05-0100,D
05-0101,A
05-0102,C
05-0103,B
05-0104,A
05-0105,A
05-0106,A
05-0107,C
05-0108,B
05-0109,C
05-0110,C
05-0111,A
05-0112,C
05-0113,C
05-0114,A
05-0115,C
05-0116,Đ
05-0117,A
05-0118,C
05-0119,A
05-0120,C
04-0021,B
04-0022,D
04-0023,D
04-0024,A
04-0025,C
04-0026,A
04-0027,B
04-0028,D
04-0029,A
04-0030,C
04-0031,A
04-0032,C
04-0033,C
04-0034,C
04-0035,C
04-0036,A
04-0037,C
04-0038,A
04-0039,C
04-0040,A
04-0041,A
04-0042,D
04-0043,C
04-0044,C
04-0045,C
04-0046,D
04-0047,B
04-0048,B
04-0049,C
04-0050,C
04-0051,B
04-0052,C
04-0053,A
04-0054,B
04-0055,B
04-0056,B
04-0057,B
04-0058,B
04-0059,D
04-0060,C
04-0061,B
04-0062,A
04-0063,C
04-0064,A
04-0065,B
04-0066,D
04-0067,C
04-0068,C
04-0069,B
04-0070,D
04-0071,C
04-0072,A
04-0073,C
04-0074,C
04-0075,C
04-0076,B
04-0077,C
04-0078,D
04-0079,C
04-0080,A
04-0081,D
04-0082,A
04-0083,D
04-0084,B
04-0085,A
04-0086,C
04-0087,B
04-0088,C
04-0089,Đ
04-0090,D
04-0091,A
04-0092,D
04-0093,A
04-0094,C
04-0095,C
04-0096,A
04-0097,A
04-0098,C
04-0099,D
04-0100,C
04-0101,A
04-0102,C
04-0103,D
04-0104,A
04-0105,C
04-0106,B
04-0107,C
04-0108,C
04-0109,A
04-0110,A
04-0111,C
04-0112,A
04-0113,C
04-0114,A
04-0115,C
04-0116,C
04-0117,D
04-0118,D
04-0119,A
04-0120,C
04-0121,B
04-0122,C
04-0123,B
04-0124,D
04-0125,A
04-0126,B
04-0127,B
04-0128,A
04-0129,C
04-0130,A
04-0131,D
04-0132,A
04-0133,D
04-0134,C
04-0135,C
04-0136,C
04-0137,C
04-0138,C
04-0139,C
04-0140,D
04-0141,C
04-0142,D
04-0143,C
04-0144,A
04-0145,C
04-0146,C
04-0147,A
04-0148,B
04-0149,C
04-0150,C
04-0151,C
04-0152,B
04-0153,C
04-0154,A
04-0155,A
04-0156,A
04-0157,C
04-0158,C
04-0159,A
04-0160,C
04-0161,B
04-0162,C
04-0163,A
04-0164,D
04-0165,C
04-0166,A
04-0167,B
04-0168,D
04-0169,B
04-0170,C
04-0171,A
04-0172,C
04-0173,B
04-0174,C
04-0175,B
04-0176,C
04-0177,B
04-0178,A
04-0179,C
04-0180,D
04-0181,C
04-0182,C
04-0183,B
04-0184,D
04-0185,D
04-0186,C
04-0187,A
04-0188,C
04-0189,D
04-0190,D
04-0191,C
04-0192,C
04-0193,A
04-0194,B
04-0195,C
04-0196,C
04-0197,C
04-0198,A
04-0199,C
04-0200,C
16-0020,B
16-0021,C
16-0022,C
16-0023,C
16-0024,A
16-0025,B
16-0026,D
16-0027,A
16-0028,C
16-0029,C
16-0030,C
16-0031,A
16-0032,A
16-0033,C
16-0034,C
16-0035,C
16-0036,D
16-0037,A
16-0038,C
16-0039,D
16-0040,A
16-0041,C
16-0042,C
16-0043,B
16-0044,C
16-0045,B
16-0046,C
16-0047,B
16-0048,B
16-0049,D
16-0050,C
16-0051,A
16-0052,C
16-0053,C
16-0054,C
16-0055,C
16-0056,C
16-0057,A
16-0058,A
16-0059,D
16-0060,A
16-0061,B
16-0062,C
16-0063,C
16-0064,D
16-0065,B
16-0066,D
16-0067,B
16-0068,A
16-0069,D
16-0070,C
16-0071,A
16-0072,B
16-0073,C
16-0074,A
16-0075,C
16-0076,B
16-0077,A
16-0078,D
16-0079,A
16-0080,A
16-0081,C
16-0082,C
16-0083,C
16-0084,D
16-0085,A
16-0086,C
16-0087,A
16-0088,A
16-0089,A
16-0090,A
16-0091,C
16-0092,B
16-0093,A
16-0094,C
16-0095,A
16-0096,D
16-0097,C
16-0098,C
16-0099,C
16-0100,B
16-0101,C
16-0102,C
16-0103,A
16-0104,C
16-0105,B
16-0106,A
16-0107,D
16-0108,C
16-0109,C
16-0110,A
16-0111,A
16-0112,B
16-0113,C
16-0114,C
16-0115,C
16-0116,C
16-0117,D
16-0118,B
16-0119,D
16-0120,C
16-0121,A
16-0122,D
16-0123,A
16-0124,A
16-0125,A
16-0126,C
16-0127,C
16-0128,A
16-0129,B
16-0130,A
16-0131,C
16-0132,D
16-0133,B
16-0134,D
16-0135,B
16-0136,A
16-0137,A
16-0138,B
16-0139,A
16-0140,C
16-0141,B
16-0142,B
16-0143,C
16-0144,D
16-0145,D
16-0146,A
16-0147,D
16-0148,D
16-0149,D
16-0150,D
16-0151,A
16-0152,D
16-0153,C
16-0154,C
16-0155,D
16-0156,C
16-0157,D
16-0158,D
16-0159,C
16-0160,A
16-0161,D
16-0162,B
16-0163,A
16-0164,C
16-0165,C
16-0166,A
16-0167,D
16-0168,C
16-0169,A
16-0170,D
16-0171,D
16-0172,A
16-0173,C
16-0174,C
16-0175,A
16-0176,A
16-0177,B
16-0178,A
16-0179,B
16-0180,A
16-0181,B
16-0182,C
16-0183,D
16-0184,C
16-0185,C
16-0186,C
16-0187,B
16-0188,D
16-0189,B
16-0190,D
16-0191,B
16-0192,D
16-0193,B
16-0194,A
16-0195,A
16-0196,C
16-0197,C
16-0198,B
09-0016,C
09-0017,A
09-0018,D
09-0019,C
09-0020,A
09-0021,C
09-0022,C
09-0023,D
09-0024,A
09-0025,C
09-0026,C
09-0027,A
09-0028,A
09-0029,A
09-0030,C
09-0031,A
09-0032,C
09-0033,D
09-0034,C
09-0035,C
09-0036,A
09-0037,C
09-0038,T
09-0039,A
09-0040,B
09-0041,C
09-0042,C
09-0043,A
09-0044,D
09-0045,A
09-0046,C
09-0047,C
09-0048,C
09-0049,C
09-0050,A
09-0051,B
09-0052,B
09-0053,D
09-0054,B
09-0055,A
09-0056,C
09-0057,C
09-0058,A
09-0059,C
09-0060,D
09-0061,C
09-0062,A
09-0063,C
09-0064,C
09-0065,B
09-0066,A
09-0067,B
09-0068,A
09-0069,C
09-0070,A
09-0071,B
09-0072,A
09-0073,C
09-0074,A
09-0075,C
09-0076,B
09-0077,A
09-0078,C
09-0079,B
09-0080,B
09-0081,A
09-0082,A
09-0083,B
09-0084,A
09-0085,C
09-0086,C
09-0087,B
09-0088,A
09-0089,D
09-0090,A
09-0091,C
09-0092,C
09-0093,D
09-0094,B
09-0095,C
09-0096,A
09-0097,B
09-0098,B
09-0099,A
09-0100,B
09-0101,C
09-0102,B
09-0103,A
09-0104,A
09-0105,A
09-0106,C
09-0107,B
09-0108,C
09-0109,C
09-0110,A
09-0111,C
09-0112,C
09-0113,C
09-0114,B
09-0115,A
09-0116,A
09-0117,A
09-0118,A
09-0119,C
09-0120,A
09-0121,A
09-0122,C
09-0123,D
09-0124,C
09-0125,K
09-0126,C
09-0127,D
09-0128,C
09-0129,C
09-0130,D
09-0131,B
09-0132,C
09-0133,A
09-0134,C
09-0135,A
09-0136,A
09-0137,C
09-0138,C
09-0139,B
09-0140,A
09-0141,B
09-0142,A
09-0143,A
09-0144,Đ
09-0145,A
09-0146,A
09-0147,B
09-0148,B
09-0149,A
09-0150,C
09-0151,B
09-0152,A
09-0153,C
09-0154,C
09-0155,A
09-0156,A
09-0157,A
09-0158,C
09-0159,C
09-0160,A
09-0161,A
09-0162,A
09-0163,A
10-0021,C
10-0022,A
10-0023,C
10-0024,A
10-0025,A
10-0026,A
10-0027,C
10-0028,A
10-0029,C
10-0030,A
10-0031,A
10-0032,C
10-0033,A
10-0034,A
10-0035,A
10-0036,A
10-0037,D
10-0038,D
10-0039,A
10-0040,C
10-0041,A
10-0042,C
10-0043,B
10-0044,C
10-0045,B
10-0046,A
10-0047,A
10-0048,A
10-0049,C
10-0050,D
10-0051,B
10-0052,D
10-0053,D
10-0054,D
10-0055,C
10-0056,B
10-0057,A
10-0058,B
10-0059,C
10-0060,B
10-0061,D
10-0062,D
10-0063,C
10-0064,B
10-0065,D
10-0066,A
10-0067,A
10-0068,A
10-0069,A
10-0070,C
10-0071,C
10-0072,C
10-0073,A
10-0074,A
10-0075,C
10-0076,A
10-0077,C
10-0078,C
10-0079,A
10-0080,A
10-0081,C
10-0082,B
10-0083,C
10-0084,C
10-0085,A
10-0086,D
10-0087,B
10-0088,C
10-0089,A
10-0090,A
10-0091,D
10-0092,B
10-0093,A
10-0094,D
10-0095,D
10-0096,C
10-0097,A
10-0098,D
10-0099,D
10-0100,D
10-0101,C
10-0102,B
10-0103,A
10-0104,A
10-0105,B
10-0106,C
10-0107,A
10-0108,C
10-0109,C
10-0110,B
10-0111,A
10-0112,A
10-0113,C
10-0114,C
10-0115,A
10-0116,A
10-0117,C
10-0118,A
10-0119,A
10-0120,C
10-0121,B
10-0122,A
10-0123,B
10-0124,D
10-0125,B
10-0126,A
10-0127,B
10-0128,B
10-0129,C
10-0130,C
10-0131,D
10-0132,B
10-0133,B
10-0134,C
10-0135,A
10-0136,C
10-0137,A
10-0138,C
10-0139,B
10-0140,C
10-0141,C
10-0142,A
10-0143,C
10-0144,A
10-0145,C
10-0146,C
10-0147,A
10-0148,C
10-0149,A
10-0150,A
10-0151,C
10-0152,C
10-0153,C
10-0154,A
10-0155,A
10-0156,A
10-0157,C
10-0158,A
10-0159,C
10-0160,A
10-0161,C
10-0162,A
10-0163,B
10-0164,B
10-0165,D
10-0166,B
10-0167,A
10-0168,B
10-0169,A
10-0170,C
10-0171,A
10-0172,C
10-0173,C
10-0174,C
10-0175,A
10-0176,A
10-0177,A
10-0178,A
10-0179,A
10-0180,B
10-0181,C
10-0182,A
10-0183,B
10-0184,A
10-0185,C
10-0186,C
10-0187,A
10-0188,A
10-0189,A
10-0190,A
10-0191,C
10-0192,D
10-0193,A
10-0194,C
10-0195,C
10-0196,C
10-0197,A
10-0198,C
10-0199,C
10-0200,A
15-0021,B
15-0022,C
15-0023,C
15-0024,A
15-0025,C
15-0026,C
15-0027,C
15-0028,B
15-0029,C
15-0030,D
15-0031,D
15-0032,D
15-0033,C
15-0034,C
15-0035,C
15-0036,C
15-0037,A
15-0038,B
15-0039,A
15-0040,D
15-0041,D
15-0042,B
15-0043,C
15-0044,B
15-0045,D
15-0046,D
15-0047,C
15-0048,C
15-0049,C
15-0050,C
15-0051,C
15-0052,C
15-0053,C
15-0054,A
15-0055,A
15-0056,C
15-0057,A
15-0058,D
15-0059,B
15-0060,D
15-0061,B
15-0063,A
15-0064,C
15-0065,A
15-0066,B
15-0067,C
15-0068,C
15-0069,A
15-0070,D
15-0071,A
15-0072,A
15-0073,C
15-0074,C
15-0075,A
15-0076,B
15-0077,A
15-0078,B
15-0079,D
15-0080,C
15-0081,A
15-0082,A
15-0083,B
15-0084,C
15-0085,C
15-0086,C
15-0087,C
15-0088,C
15-0089,C
15-0090,A
15-0091,A
15-0092,A
15-0093,A
15-0094,A
15-0095,C
15-0096,B
15-0097,C
15-0098,C
15-0099,B
15-0100,B
15-0101,A
15-0102,C
15-0103,B
15-0104,A
15-0105,B
15-0106,A
15-0107,C
15-0108,C
15-0109,D
15-0110,B
15-0111,C
15-0112,A
15-0113,C
15-0114,A
15-0115,C
15-0116,A
15-0117,C
15-0118,A
15-0119,D
15-0120,D
15-0121,A
15-0122,C
15-0123,D
15-0124,B
15-0125,C
15-0126,C
15-0127,B
15-0128,B
15-0129,B
15-0130,D
15-0131,D
15-0132,A
15-0133,C
15-0134,D
15-0135,D
15-0136,C
15-0137,C
15-0138,C
15-0139,A
15-0140,A
15-0141,A
15-0142,A
15-0143,C
15-0144,A
15-0145,A
15-0146,A
15-0147,A
15-0148,A
15-0149,B
15-0150,A
15-0151,C
15-0152,B
15-0153,A
15-0154,C
15-0155,A
15-0156,A
15-0157,B
15-0158,B
15-0159,C
15-0160,C
15-0161,B
15-0162,C
15-0163,A
15-0164,A
15-0165,A
15-0166,D
15-0167,A
15-0168,C
15-0169,C
15-0170,A
15-0171,A
15-0172,A
15-0173,C
15-0174,D
15-0175,A
15-0176,C
15-0177,C
15-0178,A
15-0179,A
15-0180,A
15-0181,B
15-0182,A
15-0183,C
15-0184,A
15-0185,C
15-0186,C
15-0187,A
15-0188,A
15-0189,A
15-0190,D
15-0191,D
15-0192,C
15-0193,B
15-0194,D
15-0195,A
15-0196,C
15-0197,D
19-0016,D
19-0017,C
19-0018,D
19-0019,A
19-0020,D
19-0022,B
19-0023,B
19-0024,B
19-0025,C
19-0026,B
19-0028,A
19-0030,D
19-0031,C
19-0034,B
19-0035,A
19-0038,D
19-0039,A
19-0041,C
19-0043,A
19-0044,D
19-0046,A
19-0048,B
19-0050,C
19-0052,A
19-0053,A
19-0054,C
19-0056,A
19-0057,A
19-0058,B
19-0059,A
19-0060,D
19-0061,A
19-0062,B
19-0063,D
19-0064,C
19-0065,C
19-0066,D
19-0067,D
19-0068,B
19-0069,A
19-0070,A
19-0071,C
19-0072,A
19-0073,A
19-0074,B
19-0075,B
19-0076,A
19-0078,A
19-0079,A
19-0080,C
19-0081,A
19-0082,C
19-0083,A
19-0084,B
19-0085,A
19-0086,C
19-0087,D
19-0088,C
19-0089,C
19-0090,A
19-0091,D
19-0092,A
19-0093,D
19-0095,C
19-0096,A
19-0097,D
19-0099,C
19-0100,D
19-0101,D
19-0102,C
19-0103,B
19-0104,A
19-0105,B
19-0106,A
19-0107,C
19-0108,C
19-0109,D
19-0110,D
19-0111,C
19-0112,D
19-0113,C
19-0114,C
19-0115,C
19-0116,B
19-0117,B
19-0118,B
19-0119,B
19-0120,B
19-0121,C
19-0122,C
19-0123,B
19-0124,A
19-0125,A
19-0126,B
19-0127,A
19-0128,A
19-0129,C
19-0130,C
19-0131,B
19-0132,A
19-0133,B
19-0134,C
19-0135,A
19-0136,B
19-0137,B
19-0138,B
19-0139,A
19-0140,C
19-0141,D
19-0142,A
19-0143,B
19-0144,A
19-0145,A
19-0146,A
19-0147,C
19-0150,B
19-0152,A
19-0153,D
19-0156,A
19-0157,C
19-0158,A
19-0160,B
19-0161,D
19-0162,A
19-0163,A
19-0164,C
19-0165,A
19-0167,C
19-0169,D
19-0172,C
19-0173,C
19-0175,A
19-0177,B
19-0181,C
19-0184,C
19-0185,A
19-0188,A
19-0190,C
19-0192,D
19-0193,B
19-0195,A
13-0019,C
13-0020,D
13-0021,D
13-0022,B
13-0023,B
13-0024,B
13-0025,C
13-0026,C
13-0027,A
13-0028,B
13-0029,A
13-0030,D
13-0031,B
13-0032,C
13-0033,C
13-0034,A
13-0035,A
13-0036,A
13-0037,B
13-0038,C
13-0039,A
13-0040,B
13-0041,A
13-0042,C
13-0043,A
13-0044,B
13-0045,D
13-0046,C
13-0047,B
13-0048,D
13-0049,D
13-0050,A
13-0051,D
13-0052,C
13-0053,C
13-0054,Đ
13-0055,A
13-0056,B
13-0057,C
13-0058,C
13-0059,C
13-0060,B
13-0061,D
13-0062,B
13-0063,A
13-0064,C
13-0065,D
13-0066,C
13-0067,D
13-0068,C
13-0069,A
13-0070,B
13-0071,C
13-0072,A
13-0073,D
13-0074,B
13-0075,B
13-0076,B
13-0077,B
13-0078,C
13-0079,B
13-0080,B
13-0081,A
13-0082,A
13-0083,A
13-0084,A
13-0085,A
13-0086,B
13-0087,C
13-0088,D
13-0089,D
13-0090,B
13-0091,C
13-0092,A
13-0093,C
13-0094,C
13-0095,A
13-0096,A
13-0097,C
13-0098,C
13-0099,C
13-0100,B
13-0101,B
13-0102,B
13-0103,B
13-0104,C
13-0105,A
13-0106,C
13-0107,C
13-0108,C
13-0109,C
13-0110,C
13-0111,C
13-0112,A
13-0113,A
13-0114,B
13-0115,D
13-0116,A
13-0117,B
13-0118,D
13-0119,A
13-0120,C
13-0121,D
13-0122,A
13-0123,B
13-0124,D
13-0125,A
13-0126,A
13-0127,A
13-0128,A
13-0129,A
13-0130,C
13-0131,D
13-0132,C
13-0134,C
13-0135,D
13-0136,C
13-0137,C
13-0138,C
13-0139,A
13-0140,D
13-0141,D
13-0142,B
13-0143,C
13-0144,C
13-0145,C
13-0146,C
13-0147,A
13-0148,C
13-0149,C
13-0150,B
13-0151,C
13-0152,C
13-0153,A
13-0154,C
13-0155,C
13-0156,C
13-0157,C
13-0158,B
13-0159,C
13-0160,A
13-0161,A
13-0162,C
13-0163,A
13-0164,D
13-0165,C
13-0166,D
13-0167,A
13-0168,A
13-0169,D
13-0170,C
13-0171,D
13-0172,D
13-0173,A
13-0174,D
13-0175,C
13-0176,C
13-0177,C
13-0178,C
13-0179,A
13-0180,A
13-0181,B
13-0182,B
13-0183,B
13-0184,B
13-0185,B
13-0186,A
13-0187,C
13-0188,A
13-0189,A
13-0190,A
13-0191,A
13-0192,C
13-0193,D
13-0194,A
13-0195,C
13-0196,C
13-0197,B
13-0198,A
06-0021,A
06-0022,B
06-0023,B
06-0024,C
06-0025,A
06-0026,A
06-0027,C
06-0028,A
06-0029,A
06-0030,C
06-0031,A
06-0032,C
06-0033,A
06-0034,C
06-0035,A
06-0036,A
06-0037,A
06-0038,C
06-0039,A
06-0040,C
06-0041,D
06-0042,C
06-0043,C
06-0044,C
06-0045,A
06-0046,B
06-0047,C
06-0048,A
06-0049,D
06-0050,C
06-0051,A
06-0052,C
06-0053,A
06-0054,A
06-0055,C
06-0056,C
06-0057,A
06-0058,D
06-0059,A
06-0060,C
06-0061,B
06-0062,D
06-0063,D
06-0064,A
06-0065,C
06-0066,C
06-0067,B
06-0068,B
06-0072,D
06-0073,B
06-0074,C
06-0075,D
06-0076,D
06-0077,D
06-0078,C
06-0079,C
06-0080,D
06-0081,C
06-0082,A
06-0083,B
06-0084,A
06-0085,C
06-0086,C
06-0087,D
06-0088,D
06-0089,C
06-0090,A
06-0091,D
06-0092,A
06-0093,A
06-0094,D
06-0095,B
06-0096,A
06-0097,C
06-0098,A
06-0099,A
06-0100,A
06-0101,A
06-0102,A
06-0103,A
06-0104,A
06-0105,A
06-0106,A
06-0107,C
06-0108,A
06-0109,A
06-0110,A
06-0111,C
06-0112,D
06-0113,B
06-0114,D
06-0115,D
06-0116,C
06-0117,C
06-0118,B
06-0119,B
06-0120,D
06-0121,D
06-0122,B
06-0123,C
06-0124,C
06-0125,C
06-0126,D
06-0127,C
06-0128,A
06-0129,A
06-0130,C
06-0131,A
06-0132,A
06-0133,C
06-0134,B
06-0135,A
06-0136,D
06-0137,B
06-0138,C
06-0139,A
06-0140,A
06-0141,A
06-0142,C
06-0143,A
06-0144,A
06-0145,A
06-0146,D
06-0147,C
06-0148,A
06-0149,D
06-0150,A
06-0151,A
06-0152,B
06-0153,B
06-0154,C
06-0155,A
06-0156,D
06-0157,C
06-0158,C
06-0159,D
06-0160,C
06-0161,A
06-0162,D
06-0163,B
06-0164,A
06-0165,B
06-0166,B
06-0167,D
06-0168,C
06-0169,C
06-0170,D
06-0171,B
06-0172,B
06-0173,D
06-0174,A
06-0175,C
06-0176,D
06-0177,C
06-0178,A
06-0179,C
06-0180,B
06-0181,C
06-0182,C
06-0183,A
06-0184,A
06-0185,B
06-0186,B
06-0187,C
06-0188,C
06-0189,A
06-0190,B
06-0191,A
06-0192,C
06-0193,C
06-0194,D
06-0195,A
06-0196,C
06-0197,C
06-0198,C
06-0199,A
06-0200,D
06-0201,D
06-0202,C
06-0203,A
12-0021,A
12-0022,A
12-0023,D
12-0024,C
12-0025,C
12-0026,C
12-0027,C
12-0028,C
12-0029,D
12-0030,D
12-0031,C
12-0032,B
12-0033,C
12-0034,D
12-0035,B
12-0036,B
12-0037,A
12-0038,B
12-0039,B
12-0040,B
12-0041,A
12-0042,D
12-0043,A
12-0044,A
12-0045,C
12-0046,A
12-0047,B
12-0048,A
12-0049,A
12-0050,A
12-0051,A
12-0052,A
12-0053,B
12-0054,B
12-0055,B
12-0056,B
12-0057,C
12-0058,B
12-0059,B
12-0060,A
12-0061,A
12-0062,C
12-0063,C
12-0064,A
12-0065,A
12-0066,C
12-0067,C
12-0068,C
12-0069,B
12-0070,C
12-0071,B
12-0072,B
12-0073,C
12-0074,C
12-0075,C
12-0076,B
12-0077,C
12-0078,C
12-0079,D
12-0080,C
12-0081,C
12-0082,B
12-0083,B
12-0084,A
12-0085,C
12-0086,C
12-0087,A
12-0088,A
12-0089,C
12-0090,B
12-0091,A
12-0092,C
12-0093,B
12-0094,B
12-0095,D
12-0096,D
12-0097,B
12-0098,C
12-0099,D
12-0100,D
12-0101,B
12-0102,D
12-0103,D
12-0104,D
12-0105,B
12-0106,C
12-0107,C
12-0108,C
12-0109,B
12-0110,A
12-0111,A
12-0112,A
12-0113,D
12-0114,C
12-0115,B
12-0116,B
12-0117,A
12-0118,A
12-0119,C
12-0120,C
12-0121,D
12-0122,B
12-0123,D
12-0124,A
12-0125,A
12-0126,C
12-0127,C
12-0128,C
12-0129,C
12-0130,C
12-0131,A
12-0132,C
12-0133,D
12-0134,C
12-0135,A
12-0136,B
12-0137,C
12-0138,B
12-0139,B
12-0140,A
12-0141,B
12-0142,A
12-0143,C
12-0144,D
12-0145,B
12-0146,A
12-0147,A
12-0148,A
12-0149,C
12-0150,C
12-0151,A
12-0152,D
12-0153,B
12-0154,C
12-0155,C
12-0156,B
12-0157,C
12-0158,C
12-0159,A
12-0160,C
12-0161,A
12-0162,B
12-0163,A
12-0164,B
12-0165,C
12-0166,A
12-0167,A
12-0168,D
12-0169,D
12-0170,A
12-0171,A
12-0172,A
12-0173,C
12-0174,C
12-0175,B
12-0176,C
12-0177,B
12-0178,D
12-0179,A
12-0180,D
12-0181,A
12-0182,C
12-0183,C
12-0184,B
12-0185,A
12-0186,B
12-0187,C
12-0188,A
12-0189,B
12-0190,D
12-0191,B
12-0192,B
12-0193,B
12-0194,A
12-0195,B
12-0196,A
12-0197,B
12-0198,A
12-0199,B
12-0200,B
14-0018,B
14-0019,C
14-0020,C
14-0021,C
14-0022,A
14-0023,B
14-0024,B
14-0025,A
14-0026,D
14-0027,B
14-0028,A
14-0029,C
14-0030,C
14-0031,A
14-0032,A
14-0033,B
14-0034,A
14-0035,A
14-0036,B
14-0037,Đ
14-0038,Đ
14-0039,C
14-0040,C
14-0041,C
14-0042,A
14-0043,A
14-0044,C
14-0045,A
14-0046,C
14-0047,B
14-0048,Đ
14-0049,C
14-0050,T
14-0051,C
14-0052,B
14-0053,A
14-0054,C
14-0055,B
14-0056,C
14-0057,A
14-0058,B
14-0059,C
14-0060,Đ
14-0061,C
14-0062,C
14-0063,A
14-0064,B
14-0065,D
14-0066,A
14-0067,C
14-0068,C
14-0069,C
14-0070,A
14-0071,A
14-0072,C
14-0073,A
14-0074,A
14-0075,C
14-0076,A
14-0077,B
14-0078,A
14-0079,A
14-0080,A
14-0081,B
14-0082,D
14-0083,Đ
14-0084,A
14-0085,A
14-0086,B
14-0087,C
14-0088,D
14-0089,C
14-0090,C
14-0091,A
14-0092,A
14-0093,D
14-0094,A
14-0095,A
14-0096,D
14-0097,A
14-0098,A
14-0099,C
14-0100,A
14-0101,A
14-0102,C
14-0103,A
14-0104,B
14-0105,A
14-0106,A
14-0107,A
14-0108,A
14-0109,C
14-0110,A
14-0111,B
14-0112,A
14-0113,C
14-0114,B
14-0115,C
14-0116,D
14-0117,C
14-0118,C
14-0119,C
14-0120,B
14-0121,D
14-0122,D
14-0123,D
14-0124,C
14-0125,D
14-0126,C
14-0127,C
14-0128,B
14-0129,D
14-0130,B
14-0131,C
14-0132,C
14-0133,B
14-0134,D
14-0135,D
14-0136,A
14-0137,C
14-0138,C
14-0139,C
14-0140,C
14-0141,B
14-0142,D
14-0143,B
14-0144,A
14-0145,C
14-0146,C
14-0147,B
14-0148,A
14-0149,B
14-0150,D
14-0151,C
14-0152,B
14-0153,A
14-0154,C
14-0155,C
14-0156,B
14-0157,C
14-0158,A
14-0159,A
14-0160,B
14-0161,A
14-0162,A
14-0163,B
14-0164,D
14-0165,A
14-0166,C
14-0167,B
14-0168,C
14-0169,C
14-0170,A
14-0171,A
14-0172,B
14-0173,D
14-0174,D
14-0175,A
14-0176,A
14-0177,B
14-0178,A
14-0179,C
14-0180,B
14-0181,B
14-0182,B
48-0021,A
48-0022,D
48-0023,C
48-0024,B
48-0025,B
48-0026,A
48-0027,A
48-0028,D
48-0029,D
48-0030,B
48-0031,B
48-0032,A
48-0033,C
48-0034,B
48-0035,A
48-0036,B
48-0037,C
48-0038,A
48-0039,C
48-0040,C
48-0041,A
48-0042,C
48-0043,C
48-0044,D
48-0045,B
48-0046,B
48-0047,B
48-0048,D
48-0049,D
48-0050,B
48-0051,D
48-0052,C
48-0053,A
48-0054,A
48-0055,C
48-0056,D
48-0057,B
48-0058,D
48-0059,C
48-0060,D
48-0061,A
48-0062,A
48-0063,B
48-0064,A
48-0065,A
48-0066,C
48-0067,D
48-0068,A
48-0069,C
48-0070,B
48-0071,D
48-0072,A
48-0073,B
48-0074,A
48-0075,C
48-0076,A
48-0077,A
48-0078,C
48-0079,A
48-0080,C
48-0081,A
48-0082,D
48-0083,A
48-0084,A
48-0085,A
48-0086,D
48-0087,C
48-0088,C
48-0089,C
48-0090,B
48-0091,A
48-0092,D
48-0093,B
48-0094,C
48-0095,A
48-0096,C
48-0097,B
48-0098,B
48-0099,C
48-0100,C
48-0101,D
48-0102,B
48-0103,C
48-0104,D
48-0105,D
48-0106,C
48-0107,B
48-0108,C
48-0109,C
48-0110,A
48-0111,A
48-0112,D
48-0113,D
48-0114,D
48-0115,A
48-0116,D
48-0117,D
48-0118,D
48-0119,C
48-0120,A
48-0121,C
48-0122,C
48-0123,C
48-0124,A
48-0125,C
48-0126,C
48-0127,C
48-0128,A
48-0129,D
48-0130,A
48-0131,A
48-0132,B
48-0133,C
48-0134,D
48-0135,C
48-0136,D
48-0137,C
48-0138,C
48-0139,C
48-0140,D
48-0141,C
48-0142,C
48-0143,D
48-0144,B
48-0145,C
48-0146,A
48-0147,C
48-0148,C
48-0149,C
48-0150,C
48-0151,D
48-0152,C
48-0153,D
48-0154,A
48-0155,D
48-0156,B
48-0157,D
48-0158,A
48-0159,B
48-0160,A
48-0161,B
48-0162,A
48-0163,C
48-0164,C
48-0165,B
48-0166,B
48-0167,C
48-0168,A
48-0169,A
48-0170,A
48-0171,A
48-0172,C
48-0173,D
48-0174,A
48-0175,A
48-0176,C
48-0177,C
48-0178,B
48-0179,A
48-0180,B
48-0181,A
48-0182,B
48-0183,D
48-0184,C
48-0185,A
48-0186,D
48-0187,A
48-0188,C
48-0189,B
48-0190,D
48-0191,C
48-0192,B
48-0193,B
48-0194,C
48-0195,B
48-0196,B
48-0197,C
48-0198,A
48-0199,C
48-0200,D
44-0022,D
44-0023,C
44-0024,D
44-0025,B
44-0026,B
44-0027,A
44-0028,B
44-0029,B
44-0030,B
44-0031,C
44-0032,B
44-0033,D
44-0034,A
44-0035,D
44-0036,D
44-0037,A
44-0038,A
44-0039,B
44-0040,C
44-0041,A
44-0042,B
44-0043,A
44-0044,A
44-0045,A
44-0046,D
44-0047,B
44-0048,B
44-0049,A
44-0050,D
44-0051,B
44-0052,A
44-0053,D
44-0054,A
44-0055,B
44-0056,C
44-0057,C
44-0058,B
44-0059,C
44-0060,D
44-0061,C
44-0062,B
44-0063,A
44-0064,C
44-0065,D
44-0066,C
44-0067,C
44-0068,C
44-0069,A
44-0070,B
44-0071,B
44-0072,C
44-0073,A
44-0074,B
44-0075,B
44-0076,A
44-0077,D
44-0078,D
44-0079,C
44-0080,B
44-0081,A
44-0082,D
44-0083,D
44-0084,A
44-0085,B
44-0086,D
44-0087,C
44-0088,B
44-0089,B
44-0090,C
44-0091,A
44-0092,D
44-0093,C
44-0094,A
44-0095,A
44-0096,A
44-0097,B
44-0098,C
44-0099,B
44-0100,B
44-0101,B
44-0102,C
44-0103,B
44-0104,B
44-0105,A
44-0106,C
44-0107,D
44-0108,C
44-0109,B
44-0110,C
44-0111,A
44-0112,D
44-0113,A
44-0114,B
44-0115,C
44-0116,D
44-0117,C
44-0118,C
44-0119,D
44-0120,B
44-0121,C
44-0122,B
44-0123,D
44-0124,A
44-0125,A
44-0126,C
44-0127,C
44-0128,B
44-0129,C
44-0130,D
44-0131,A
44-0132,C
44-0133,C
44-0134,B
44-0135,D
44-0136,D
44-0137,D
44-0138,B
44-0139,A
44-0140,A
44-0141,A
44-0142,D
44-0143,D
44-0144,B
44-0145,B
44-0146,B
44-0147,D
44-0148,A
44-0149,A
44-0150,A
44-0151,D
44-0152,D
44-0153,A
44-0154,A
44-0155,C
44-0156,B
44-0157,B
44-0158,C
44-0159,A
44-0160,B
44-0161,D
44-0162,D
44-0163,D
44-0164,C
44-0165,B
44-0166,C
44-0167,B
44-0168,B
44-0169,B
44-0170,B
44-0171,D
44-0172,B
44-0173,B
44-0174,D
44-0175,A
44-0176,A
44-0177,A
44-0178,C
44-0179,A
44-0180,C
44-0181,C
44-0182,C
44-0183,D
44-0184,A
44-0185,D
44-0186,D
44-0187,A
44-0188,C
44-0189,C
44-0190,C
44-0191,B
44-0192,A
44-0193,A
44-0194,A
44-0195,A
44-0196,D
44-0197,B
44-0198,A
44-0199,A
44-0200,C
44-0201,A
43-0021,C
43-0022,B
43-0023,C
43-0024,B
43-0025,A
43-0026,A
43-0027,B
43-0028,B
43-0029,A
43-0030,A
43-0031,B
43-0032,B
43-0033,D
43-0034,A
43-0035,A
43-0036,C
43-0037,C
43-0038,B
43-0039,C
43-0040,B
43-0041,A
43-0042,A
43-0043,B
43-0044,C
43-0045,B
43-0046,C
43-0047,B
43-0048,C
43-0049,C
43-0050,A
43-0051,C
43-0052,B
43-0053,B
43-0054,D
43-0055,C
43-0056,A
43-0057,A
43-0058,C
43-0059,A
43-0060,D
43-0061,A
43-0062,B
43-0063,D
43-0064,C
43-0065,A
43-0066,B
43-0067,A
43-0068,C
43-0069,D
43-0070,D
43-0071,C
43-0072,D
43-0073,A
43-0074,B
43-0075,B
43-0076,D
43-0077,D
43-0078,A
43-0079,C
43-0080,A
43-0081,C
43-0082,A
43-0083,B
43-0084,A
43-0085,B
43-0086,C
43-0087,D
43-0088,C
43-0089,A
43-0090,A
43-0091,A
43-0092,A
43-0093,A
43-0094,A
43-0095,B
43-0096,D
43-0097,B
43-0098,D
43-0099,A
43-0100,C
43-0101,D
43-0102,C
43-0103,C
43-0104,A
43-0105,D
43-0106,B
43-0107,A
43-0108,C
43-0109,B
43-0110,C
43-0111,B
43-0112,A
43-0113,A
43-0114,D
43-0115,C
43-0116,B
43-0117,D
43-0118,C
43-0119,B
43-0120,B
43-0121,B
43-0122,D
43-0123,A
43-0124,C
43-0125,A
43-0126,B
43-0127,A
43-0128,A
43-0129,D
43-0130,D
43-0131,A
43-0132,D
43-0133,B
43-0134,B
43-0135,B
43-0136,A
43-0137,C
43-0138,C
43-0139,B
43-0140,B
43-0141,A
43-0142,D
43-0143,C
43-0144,B
43-0145,C
43-0146,C
43-0147,B
43-0148,B
43-0149,A
43-0150,A
43-0151,B
43-0152,D
43-0153,A
43-0154,A
43-0155,A
43-0156,B
43-0157,C
43-0158,A
43-0159,D
43-0160,B
43-0161,D
43-0162,A
43-0163,C
43-0164,B
43-0165,B
43-0166,A
43-0167,A
43-0168,C
43-0169,B
43-0170,C
43-0171,B
43-0172,D
43-0173,C
43-0174,A
43-0175,D
43-0176,A
43-0177,A
43-0178,A
43-0179,B
43-0180,D
43-0181,C
43-0182,D
43-0183,C
43-0184,C
43-0185,C
43-0186,C
43-0187,A
43-0188,C
43-0189,B
43-0190,A
43-0191,B
43-0192,A
43-0193,A
43-0194,A
43-0195,B
43-0196,C
43-0197,B
43-0198,A
43-0199,B
43-0200,B
33-0022,D
33-0023,C
33-0024,C
33-0025,B
33-0026,A
33-0027,A
33-0028,D
33-0029,A
33-0030,D
33-0031,D
33-0032,B
33-0033,A
33-0034,C
33-0035,B
33-0036,A
33-0037,C
33-0038,B
33-0039,A
33-0040,A
33-0041,C
33-0042,D
33-0043,B
33-0044,A
33-0045,B
33-0046,C
33-0047,A
33-0048,A
33-0049,C
33-0050,C
33-0051,B
33-0052,A
33-0053,C
33-0054,B
33-0055,C
33-0056,B
33-0057,A
33-0058,C
33-0059,C
33-0060,A
33-0061,D
33-0062,B
33-0063,B
33-0064,A
33-0065,C
33-0066,C
33-0067,A
33-0068,A
33-0069,C
33-0070,B
33-0071,A
33-0072,C
33-0073,A
33-0074,D
33-0075,A
33-0076,D
33-0077,B
33-0078,C
33-0079,A
33-0080,B
33-0081,A
33-0082,D
33-0083,D
33-0084,A
33-0085,D
33-0086,C
33-0087,A
33-0088,A
33-0089,C
33-0090,A
33-0091,A
33-0092,D
33-0093,A
33-0094,C
33-0095,C
33-0096,A
33-0097,A
33-0098,B
33-0099,A
33-0100,D
33-0101,A
33-0102,B
33-0103,C
33-0104,A
33-0105,D
33-0106,A
33-0107,C
33-0108,A
33-0109,A
33-0110,A
33-0111,B
33-0112,B
33-0113,D
33-0114,C
33-0115,D
33-0116,C
33-0117,D
33-0118,C
33-0119,B
33-0120,D
33-0121,B
33-0122,D
33-0123,D
33-0124,C
33-0125,C
33-0126,B
33-0127,A
33-0128,C
33-0129,D
33-0130,C
33-0131,C
33-0132,A
33-0133,A
33-0134,A
33-0135,A
33-0136,D
33-0137,D
33-0138,A
33-0139,C
33-0140,C
33-0141,D
33-0142,D
33-0143,A
33-0144,B
33-0145,A
33-0146,D
33-0147,A
33-0148,B
33-0149,B
33-0150,A
33-0151,A
33-0152,A
33-0153,B
33-0154,A
33-0155,A
33-0156,D
33-0157,C
33-0158,D
33-0159,D
33-0160,A
33-0161,A
33-0162,C
33-0163,A
33-0164,D
33-0165,A
33-0166,C
33-0167,A
33-0168,B
33-0169,A
33-0170,C
33-0171,D
33-0172,D
33-0173,A
33-0174,C
33-0175,A
33-0176,C
33-0177,C
33-0178,C
33-0179,A
33-0180,A
33-0181,C
33-0182,A
33-0183,C
33-0184,B
33-0185,B
33-0186,C
33-0187,A
33-0188,A
33-0189,D
33-0191,D
33-0192,C
33-0193,B
33-0194,B
33-0195,B
33-0196,D
33-0197,D
33-0198,D
33-0199,B
33-0200,D
33-0201,B
33-0202,C
40-0019,D
40-0020,A
40-0021,C
40-0022,C
40-0023,C
40-0024,A
40-0025,C
40-0026,B
40-0027,D
40-0028,A
40-0029,A
40-0030,C
40-0031,B
40-0032,C
40-0033,C
40-0034,D
40-0035,A
40-0036,D
40-0037,C
40-0038,A
40-0039,A
40-0040,C
40-0041,D
40-0042,B
40-0043,C
40-0044,D
40-0045,A
40-0046,C
40-0047,A
40-0048,A
40-0049,D
40-0050,C
40-0051,A
40-0052,C
40-0053,C
40-0054,C
40-0055,C
40-0056,C
40-0057,A
40-0058,C
40-0059,A
40-0062,C
40-0065,B
40-0066,C
40-0067,D
40-0068,B
40-0069,C
40-0070,A
40-0071,A
40-0072,C
40-0073,C
40-0074,C
40-0075,A
40-0076,A
40-0077,C
40-0078,C
40-0079,A
40-0080,A
40-0081,A
40-0082,D
40-0083,A
40-0084,C
40-0085,C
40-0086,C
40-0087,A
40-0088,B
40-0089,C
40-0090,A
40-0091,D
40-0092,D
40-0093,A
40-0094,A
40-0096,B
40-0097,B
40-0098,D
40-0099,D
40-0100,A
40-0101,C
40-0102,B
40-0103,D
40-0104,A
40-0105,C
40-0106,C
40-0107,B
40-0109,D
40-0110,A
40-0111,A
40-0112,A
40-0113,C
40-0115,B
40-0116,A
40-0117,D
40-0119,A
40-0121,C
40-0122,C
40-0123,A
40-0125,A
40-0126,C
40-0127,D
40-0128,C
40-0129,A
40-0130,A
40-0131,A
40-0132,A
40-0133,C
40-0134,A
40-0135,B
40-0137,D
40-0138,C
40-0139,C
40-0144,D
40-0145,D
40-0146,D
40-0148,A
40-0149,D
40-0150,D
40-0151,D
40-0152,D
40-0153,A
40-0154,D
40-0155,D
40-0156,C
40-0157,D
40-0158,C
40-0159,D
40-0160,D
40-0161,D
40-0162,D
40-0163,D
40-0165,C
40-0166,A
40-0167,D
40-0168,A
40-0169,C
40-0170,A
40-0172,D
40-0175,D
40-0176,A
40-0177,A
40-0178,A
40-0179,D
40-0180,C
40-0183,D
40-0184,C
40-0185,C
40-0186,D
40-0187,D
40-0188,C
40-0189,D
40-0192,A
40-0195,D
40-0196,D
40-0198,D
40-0199,D
40-0200,B
40-0201,B
40-0202,A
40-0225,A
40-0226,D
40-0227,A
40-0228,D
40-0229,C
40-0230,C
37-0057,B
37-0058,C
37-0059,D
37-0060,A
37-0061,D
37-0062,C
37-0063,A
37-0064,D
37-0065,B
37-0066,D
37-0067,A
37-0068,D
37-0069,C
37-0070,D
37-0071,C
37-0073,A
37-0074,C
37-0075,C
37-0076,D
37-0077,D
37-0080,D
37-0081,A
37-0082,A
37-0083,B
37-0084,D
37-0085,C
37-0086,C
37-0088,C
37-0089,C
37-0090,C
37-0091,C
37-0093,B
37-0096,C
37-0097,C
37-0098,B
37-0099,A
37-0100,A
37-0101,A
37-0102,D
37-0104,C
37-0108,D
37-0109,C
37-0111,A
37-0112,A
37-0114,C
37-0115,D
37-0120,D
37-0124,B
37-0125,C
37-0127,B
37-0128,D
37-0129,D
37-0130,C
37-0132,D
37-0134,D
37-0135,A
37-0137,C
37-0138,C
37-0140,B
37-0142,A
37-0143,B
37-0145,B
37-0147,C
37-0148,C
37-0153,C
37-0155,D
37-0156,D
37-0157,C
37-0161,B
37-0164,A
37-0166,C
37-0167,B
37-0169,D
37-0173,D
37-0177,C
37-0179,B
37-0180,D
37-0181,B
37-0182,A
37-0183,C
37-0185,C
37-0186,B
37-0190,C
37-0191,D
37-0193,C
37-0194,D
37-0195,D
37-0196,C
37-0197,A
37-0199,B
45-0014,A
45-0015,C
45-0016,B
45-0017,B
45-0018,C
45-0019,A
45-0020,A
45-0021,B
45-0022,B
45-0023,A
45-0026,B
45-0027,C
45-0028,D
45-0029,C
45-0030,C
45-0033,A
45-0034,B
45-0035,A
45-0036,C
45-0037,A
45-0038,A
45-0039,D
45-0040,C
45-0041,D
45-0042,D
45-0044,B
45-0045,D
45-0046,D
45-0047,B
45-0048,B
45-0049,A
45-0050,B
45-0051,B
45-0052,C
45-0053,B
45-0054,C
45-0055,A
45-0057,B
45-0058,C
45-0059,A
45-0060,B
45-0061,C
45-0064,A
45-0065,D
45-0066,A
45-0067,B
45-0068,D
45-0070,A
45-0071,D
45-0072,A
45-0073,C
45-0074,B
45-0075,D
45-0076,A
45-0077,A
45-0078,C
45-0079,A
45-0081,A
45-0082,A
45-0083,D
45-0084,B
45-0085,D
45-0086,A
45-0087,B
45-0089,A
45-0091,C
45-0092,C
45-0093,C
45-0094,D
45-0095,A
45-0096,A
45-0098,C
45-0101,C
45-0104,A
45-0106,C
45-0107,B
45-0108,C
45-0109,C
45-0111,D
45-0112,A
45-0113,D
45-0121,D
45-0124,D
45-0127,C
45-0128,D
45-0131,B
45-0134,C
45-0136,D
45-0139,C
45-0142,D
45-0145,A
45-0150,D
45-0151,D
45-0152,D
45-0154,D
45-0157,C
45-0158,C
45-0160,A
45-0161,A
45-0162,A
45-0164,C
45-0165,D
45-0166,D
45-0168,D
45-0169,A
45-0170,D
45-0171,D
45-0172,A
45-0173,B
45-0174,D
45-0175,B
45-0176,A
45-0177,B
45-0179,D
45-0182,C
45-0188,D
45-0189,B
45-0190,D
45-0191,B
45-0192,C
45-0193,D
45-0194,D
45-0195,A
45-0196,B
45-0197,D
45-0198,D
35-0159,A
35-0160,B
35-0161,A
35-0162,C
35-0163,C
35-0164,C
35-0165,D
35-0166,A
35-0167,C
35-0168,C
35-0169,C
35-0170,D
35-0171,B
35-0172,D
35-0173,A
35-0174,B
35-0175,B
35-0176,A
35-0177,D
35-0178,A
35-0179,A
35-0180,C
35-0181,D
35-0182,A
35-0183,B
35-0184,C
35-0185,C
35-0186,C
35-0187,A
35-0188,A
35-0189,C
35-0190,A
35-0191,A
35-0192,A
35-0193,A
35-0194,A
35-0195,C
35-0196,A
35-0197,A
35-0198,B
35-0199,A
35-0200,D
35-0201,D
35-0202,D
35-0203,A
35-0204,D
35-0205,B
35-0206,B
35-0207,C
35-0208,C
35-0209,B
35-0210,C
35-0211,A
35-0212,D
35-0213,C
35-0214,A
35-0215,D
35-0216,D
35-0217,D
35-0218,B
35-0219,A
35-0220,A
35-0221,C
35-0222,C
35-0223,B
35-0224,A
35-0225,D
35-0226,B
35-0227,A
35-0228,A
35-0229,B
35-0230,B
35-0231,A
35-0232,D
35-0233,A
35-0234,A
35-0235,A
35-0236,B
35-0237,C
35-0238,B
35-0239,D
35-0240,D
35-0241,B
35-0242,A
35-0243,D
35-0244,C
35-0245,D
35-0246,A
35-0247,C
35-0248,A
35-0249,A
35-0250,B
35-0251,D
35-0252,A
35-0253,C
35-0254,B
35-0255,A
35-0256,D
35-0257,C
35-0258,C
35-0259,B
35-0260,A
35-0261,B
35-0262,C
35-0263,C
35-0264,C
35-0265,C
35-0266,A
35-0267,A
35-0268,C
35-0269,B
35-0270,A
35-0271,A
35-0272,C
35-0273,B
35-0274,A
35-0275,A
35-0276,C
35-0277,B
35-0278,D
35-0279,D
35-0280,C
35-0281,C
35-0282,B
35-0283,B
35-0284,C
35-0285,A
35-0286,B
35-0287,D
35-0288,B
35-0289,C
35-0290,B
35-0291,B
35-0292,C
35-0293,C
35-0294,C
35-0295,B
35-0296,C
35-0297,D
35-0298,D
35-0299,D
35-0300,D
35-0301,D
35-0302,B
35-0303,A
35-0304,C
35-0305,D
35-0306,C
35-0307,C
35-0308,D
35-0309,A
35-0310,D
35-0311,A
35-0312,C
35-0313,C
35-0314,B
35-0315,C
35-0316,A
35-0317,B
35-0318,C
35-0319,C
35-0320,C
35-0321,D
35-0322,B
35-0323,C
35-0324,C
35-0325,B
35-0326,A
35-0327,C
35-0328,D
35-0329,B
35-0330,A
35-0331,A
35-0332,C
35-0333,C
35-0334,C
35-0335,A
35-0336,B
35-0337,D
35-0338,D
34-0024,B
34-0025,C
34-0026,C
34-0027,D
34-0028,D
34-0030,C
34-0031,A
34-0032,A
34-0033,D
34-0034,D
34-0036,C
34-0037,B
34-0038,D
34-0039,D
34-0040,D
34-0041,B
34-0042,B
34-0043,D
34-0044,C
34-0045,A
34-0046,A
34-0047,B
34-0048,B
34-0049,B
34-0050,D
34-0051,D
34-0052,A
34-0053,C
34-0054,C
34-0055,D
34-0057,C
34-0058,A
34-0059,D
34-0060,D
34-0061,D
34-0063,C
34-0064,D
34-0065,D
34-0066,A
34-0067,B
34-0068,D
34-0069,D
34-0070,D
34-0072,A
34-0073,D
34-0074,D
34-0075,D
34-0076,D
34-0077,D
34-0078,C
34-0079,D
34-0081,B
34-0082,A
34-0083,B
34-0084,D
34-0085,A
34-0086,A
34-0087,A
34-0088,B
34-0089,C
34-0090,D
34-0091,A
34-0092,A
34-0093,A
34-0094,D
34-0095,D
34-0096,D
34-0097,A
34-0098,A
34-0099,C
34-0100,D
34-0101,A
34-0102,C
34-0103,D
34-0104,D
34-0105,C
34-0106,A
34-0107,A
34-0109,C
34-0110,A
34-0111,D
34-0112,B
34-0114,C
34-0115,A
34-0116,C
34-0117,A
34-0118,B
34-0119,B
34-0120,C
34-0121,A
34-0122,A
34-0123,C
34-0124,C
34-0125,B
34-0126,A
34-0127,B
34-0128,A
34-0129,B
34-0130,A
34-0131,D
34-0132,A
34-0134,D
34-0136,D
34-0137,C
34-0138,C
34-0139,A
34-0140,D
34-0141,C
34-0142,A
34-0143,D
34-0144,B
34-0145,C
34-0146,C
34-0147,B
34-0148,C
34-0149,A
34-0150,A
34-0151,C
34-0152,C
34-0153,D
34-0155,A
34-0156,A
34-0157,C
34-0158,D
34-0159,C
34-0160,B
34-0161,D
34-0163,B
34-0164,A
34-0165,B
34-0166,C
34-0167,B
34-0168,C
34-0170,D
34-0171,B
34-0172,A
34-0173,A
34-0174,C
34-0175,D
34-0176,D
34-0177,A
34-0178,C
34-0179,B
34-0180,D
34-0181,A
34-0182,C
34-0183,A
34-0184,B
34-0186,C
34-0187,B
34-0188,B
34-0190,A
34-0191,C
34-0192,B
34-0193,D
34-0194,A
34-0195,B
34-0196,C
34-0197,D
34-0198,C
34-0199,A
34-0200,B
34-0201,D
34-0202,A
34-0203,A
34-0204,C
34-0205,C
34-0206,C
34-0207,A
34-0208,B
34-0209,C
34-0210,A
34-0211,D
34-0212,A
32-0019,C
32-0020,C
32-0021,C
32-0022,A
32-0023,A
32-0024,C
32-0025,D
32-0026,A
32-0027,A
32-0028,C
32-0029,C
32-0030,D
32-0031,A
32-0032,C
32-0033,A
32-0034,A
32-0035,B
32-0036,C
32-0037,C
32-0038,D
32-0039,C
32-0040,C
32-0041,C
32-0042,B
32-0043,B
32-0044,B
32-0045,C
32-0046,D
32-0047,A
32-0048,B
32-0049,A
32-0050,A
32-0051,A
32-0052,B
32-0053,C
32-0054,C
32-0055,C
32-0056,C
32-0057,C
32-0058,D
32-0059,C
32-0060,B
32-0061,C
32-0062,B
32-0063,A
32-0064,A
32-0065,A
32-0066,A
32-0067,D
32-0068,C
32-0069,C
32-0070,C
32-0071,B
32-0072,C
32-0073,C
32-0074,A
32-0075,C
32-0076,B
32-0077,D
32-0078,C
32-0079,B
32-0080,C
32-0081,A
32-0082,B
32-0083,D
32-0084,C
32-0085,D
32-0086,A
32-0087,B
32-0088,D
32-0089,D
32-0090,B
32-0091,C
32-0092,A
32-0093,A
32-0094,D
32-0095,B
32-0096,C
32-0097,B
32-0098,A
32-0099,A
32-0100,B
32-0101,D
32-0102,D
32-0103,C
32-0104,B
32-0105,C
32-0106,D
32-0107,B
32-0108,C
32-0109,D
32-0110,B
32-0111,B
32-0112,A
32-0113,A
32-0114,C
32-0117,A
32-0119,A
32-0120,A
32-0121,A
32-0122,A
32-0123,A
32-0124,D
32-0125,C
32-0126,C
32-0129,D
32-0130,B
32-0131,C
32-0132,A
32-0133,B
32-0134,A
32-0135,B
32-0136,C
32-0137,C
32-0138,C
32-0139,C
32-0140,C
32-0141,C
32-0142,A
32-0143,C
32-0144,C
32-0145,C
32-0146,B
32-0147,A
32-0148,C
32-0149,C
32-0150,C
32-0151,C
32-0152,C
32-0153,C
32-0154,B
32-0155,A
32-0156,C
32-0157,C
32-0158,C
32-0159,B
32-0160,A
32-0161,A
32-0162,C
32-0163,C
32-0165,B
32-0166,C
32-0167,C
32-0168,C
32-0169,A
32-0170,C
32-0171,A
32-0172,A
32-0173,A
32-0174,C
32-0175,C
32-0176,B
32-0177,A
32-0178,C
32-0179,C
32-0180,C
32-0181,B
32-0182,C
32-0183,C
32-0184,A
32-0185,C
32-0186,C
32-0187,B
32-0188,A
32-0189,C
32-0190,A
32-0191,D
32-0192,C
32-0193,C
32-0194,B
32-0195,C
32-0196,C
32-0197,C
32-0198,B
32-0199,C
32-0200,C
32-0201,C
47-0019,A
47-0020,D
47-0021,B
47-0022,A
47-0023,C
47-0024,C
47-0025,B
47-0026,A
47-0027,A
47-0028,C
47-0029,C
47-0030,C
47-0031,A
47-0032,B
47-0033,D
47-0034,B
47-0035,C
47-0036,C
47-0037,D
47-0038,D
47-0040,C
47-0042,A
47-0043,C
47-0044,D
47-0045,C
47-0046,A
47-0047,A
47-0049,C
47-0050,A
47-0051,C
47-0052,A
47-0053,C
47-0054,D
47-0055,A
47-0056,C
47-0057,A
47-0058,A
47-0059,A
47-0060,D
47-0061,D
47-0062,A
47-0063,B
47-0064,A
47-0065,C
47-0066,A
47-0067,D
47-0068,B
47-0069,C
47-0070,A
47-0071,B
47-0072,A
47-0073,D
47-0074,B
47-0076,A
47-0077,C
47-0078,A
47-0079,A
47-0080,D
47-0081,C
47-0082,D
47-0084,A
47-0085,C
47-0086,D
47-0087,D
47-0088,D
47-0089,B
47-0090,D
47-0091,A
47-0092,A
47-0093,D
47-0094,B
47-0095,A
47-0096,A
47-0097,B
47-0098,B
47-0099,A
47-0101,C
47-0102,C
47-0103,A
47-0104,C
47-0105,B
47-0106,D
47-0107,B
47-0108,B
47-0109,B
47-0110,D
47-0111,D
47-0112,C
47-0113,B
47-0114,C
47-0115,A
47-0116,C
47-0117,C
47-0118,B
47-0119,C
47-0120,C
47-0121,A
47-0122,C
47-0123,C
47-0124,C
47-0125,C
47-0126,A
47-0127,A
47-0128,B
47-0129,A
47-0130,D
47-0131,B
47-0132,C
47-0133,C
47-0134,A
47-0135,C
47-0136,C
47-0137,B
47-0138,A
47-0139,A
47-0140,C
47-0141,C
47-0142,A
47-0143,C
47-0144,A
47-0145,A
47-0146,A
47-0147,D
47-0148,D
47-0149,C
47-0150,A
47-0151,B
47-0152,C
47-0153,A
47-0154,C
47-0155,B
47-0156,A
47-0157,B
47-0158,A
47-0159,C
47-0160,D
47-0161,D
47-0162,D
47-0163,B
47-0164,A
47-0165,C
47-0166,C
47-0167,A
47-0168,C
47-0169,A
47-0170,C
47-0171,A
47-0172,C
47-0173,A
47-0174,B
47-0175,D
47-0176,C
47-0177,D
47-0178,D
47-0179,C
47-0180,C
47-0181,B
47-0182,D
47-0183,A
47-0184,C
47-0185,A
47-0186,B
47-0187,A
47-0188,D
47-0189,C
47-0190,A
47-0191,D
47-0192,C
47-0193,C
47-0194,A
47-0195,C
47-0196,D
47-0197,A
47-0198,A
41-0019,A
41-0020,A
41-0021,D
41-0022,A
41-0023,B
41-0024,A
41-0025,A
41-0026,C
41-0028,D
41-0029,D
41-0030,C
41-0031,C
41-0032,C
41-0033,A
41-0034,C
41-0035,A
41-0036,C
41-0037,C
41-0038,D
41-0039,D
41-0040,A
41-0041,D
41-0042,C
41-0048,C
41-0050,A
41-0051,A
41-0052,B
41-0053,A
41-0054,B
41-0056,A
41-0057,C
41-0058,B
41-0059,A
41-0060,B
41-0062,A
41-0065,B
41-0066,D
41-0067,A
41-0068,A
41-0069,A
41-0070,A
41-0071,D
41-0072,C
41-0074,C
41-0075,A
41-0076,D
41-0077,C
41-0078,C
41-0079,C
41-0080,D
41-0081,A
41-0082,C
41-0084,D
41-0085,D
41-0086,C
41-0087,D
41-0088,B
41-0089,C
41-0090,C
41-0091,D
41-0092,C
41-0093,A
41-0094,D
41-0095,A
41-0096,A
41-0097,D
41-0098,D
41-0099,D
41-0100,A
41-0102,B
41-0103,C
41-0104,A
41-0105,D
41-0106,A
41-0107,B
41-0108,A
41-0109,C
41-0110,C
41-0111,B
41-0112,D
41-0113,D
41-0114,D
41-0116,D
41-0118,D
41-0119,D
41-0120,C
41-0121,D
41-0122,C
41-0123,D
41-0125,C
41-0126,D
41-0127,B
41-0128,B
41-0129,D
41-0130,C
41-0131,A
41-0132,A
41-0133,D
41-0134,D
41-0135,C
41-0136,C
41-0137,B
41-0138,C
41-0139,C
41-0140,A
41-0141,C
41-0142,C
41-0143,C
41-0144,C
41-0145,C
41-0146,D
41-0147,A
41-0148,C
41-0149,C
41-0150,B
41-0151,B
41-0152,A
41-0153,D
41-0154,B
41-0155,D
41-0156,A
41-0157,D
41-0158,A
41-0160,A
41-0162,D
41-0163,C
41-0164,C
41-0165,A
41-0166,C
41-0167,A
41-0168,D
41-0169,D
41-0170,B
41-0171,C
41-0172,C
41-0173,D
41-0174,C
41-0175,D
41-0177,A
41-0178,C
41-0179,C
41-0180,D
41-0181,B
41-0182,C
41-0183,D
41-0184,A
41-0185,D
41-0186,A
41-0187,A
41-0188,B
41-0190,A
41-0191,D
41-0192,A
41-0193,C
41-0194,A
41-0195,B
41-0196,C
41-0197,C
41-0198,A
41-0199,A
41-0200,C
49-0019,A
49-0020,A
49-0021,B
49-0022,B
49-0023,A
49-0024,B
49-0025,A
49-0026,B
49-0027,B
49-0028,A
49-0029,A
49-0030,A
49-0031,C
49-0032,A
49-0033,A
49-0034,B
49-0035,A
49-0036,A
49-0037,A
49-0038,A
49-0039,B
49-0040,C
49-0041,A
49-0042,B
49-0043,A
49-0044,C
49-0045,A
49-0046,C
49-0047,A
49-0048,A
49-0049,A
49-0050,C
49-0051,C
49-0052,A
49-0053,B
49-0054,C
49-0055,C
49-0056,E
49-0057,E
49-0058,E
49-0059,C
49-0060,A
49-0061,A
49-0062,B
49-0063,C
49-0064,A
49-0065,A
49-0066,B
49-0067,B
49-0069,C
49-0070,E
49-0071,A
49-0072,A
49-0073,A
49-0074,B
49-0075,A
49-0076,B
49-0077,C
49-0078,A
49-0079,B
49-0080,C
49-0081,B
49-0082,D
49-0083,E
49-0084,B
49-0085,A
49-0086,A
49-0088,E
49-0089,C
49-0090,A
49-0091,C
49-0092,B
49-0093,C
49-0094,A
49-0095,C
49-0096,C
49-0098,C
49-0099,B
49-0100,D
49-0101,D
49-0102,A
49-0103,D
49-0104,C
49-0105,C
49-0106,D
49-0107,A
49-0108,A
49-0109,A
49-0110,D
49-0111,B
49-0112,B
49-0113,A
49-0114,B
49-0115,A
49-0116,C
49-0117,C
49-0118,A
49-0119,D
49-0120,A
49-0121,A
49-0122,C
49-0123,A
49-0124,B
49-0125,A
49-0126,B
49-0128,B
49-0129,C
49-0130,C
49-0131,C
49-0132,B
49-0133,D
49-0134,A
49-0135,D
49-0136,B
49-0137,C
49-0138,A
49-0139,D
49-0140,A
49-0141,A
49-0142,C
49-0143,B
49-0144,C
49-0145,D
49-0146,D
49-0148,C
49-0149,A
49-0150,A
49-0151,B
49-0152,B
49-0153,B
49-0154,C
49-0155,D
49-0156,A
49-0157,C
49-0158,B
49-0159,B
49-0160,C
49-0161,B
49-0162,A
49-0163,A
49-0164,C
49-0165,A
49-0166,C
49-0167,A
49-0168,B
49-0169,C
49-0170,A
49-0171,B
49-0172,C
49-0173,A
49-0174,A
49-0175,C
49-0176,C
49-0177,B
49-0178,B
49-0179,A
49-0180,B
49-0181,A
49-0182,C
49-0183,C
49-0184,C
49-0185,A
49-0186,D
49-0187,A
49-0189,C
49-0190,C
49-0191,D
49-0192,A
49-0193,A
49-0194,B
49-0195,C
49-0196,D
49-0197,A
49-0198,C
46-0021,B
46-0022,A
46-0023,D
46-0024,A
46-0025,A
46-0026,C
46-0027,A
46-0028,D
46-0029,A
46-0030,A
46-0031,D
46-0032,B
46-0033,C
46-0034,B
46-0035,C
46-0036,A
46-0037,A
46-0038,A
46-0039,B
46-0040,A
46-0041,A
46-0042,B
46-0043,D
46-0044,A
46-0045,C
46-0046,A
46-0047,D
46-0048,D
46-0049,B
46-0050,B
46-0051,D
46-0052,A
46-0053,A
46-0054,C
46-0055,C
46-0056,C
46-0057,D
46-0058,A
46-0059,C
46-0060,D
46-0061,A
46-0062,C
46-0063,C
46-0064,A
46-0065,A
46-0066,A
46-0067,A
46-0068,A
46-0069,C
46-0070,A
46-0071,B
46-0072,C
46-0073,C
46-0074,A
46-0075,A
46-0076,C
46-0077,D
46-0078,C
46-0079,B
46-0080,C
46-0081,B
46-0082,A
46-0083,D
46-0084,D
46-0085,A
46-0086,C
46-0087,C
46-0088,D
46-0089,D
46-0090,D
46-0091,D
46-0092,A
46-0093,A
46-0094,A
46-0095,A
46-0096,C
46-0097,C
46-0098,A
46-0099,D
46-0100,C
46-0101,A
46-0102,C
46-0103,C
46-0104,C
46-0105,B
46-0106,C
46-0107,C
46-0108,C
46-0109,C
46-0110,C
46-0111,B
46-0112,B
46-0113,A
46-0114,A
46-0115,C
46-0116,A
46-0117,A
46-0118,A
46-0119,A
46-0120,B
46-0121,B
46-0122,C
46-0123,C
46-0124,A
46-0125,B
46-0126,A
46-0127,A
46-0128,B
46-0129,C
46-0130,C
46-0131,C
46-0132,A
46-0133,A
46-0134,B
46-0135,B
46-0136,C
46-0137,A
46-0138,A
46-0139,A
46-0140,C
46-0141,A
46-0142,A
46-0143,A
46-0144,A
46-0145,D
46-0146,A
46-0147,A
46-0148,A
46-0149,A
46-0150,A
46-0151,D
46-0152,C
46-0153,A
46-0154,C
46-0155,C
46-0156,D
46-0157,A
46-0158,A
46-0159,A
46-0160,C
46-0161,B
46-0162,C
46-0163,A
46-0164,B
46-0165,B
46-0166,A
46-0167,C
46-0168,D
46-0169,A
46-0170,D
46-0171,A
46-0172,D
46-0173,B
46-0174,A
46-0175,B
46-0176,B
46-0177,A
46-0178,B
46-0179,C
46-0180,C
46-0181,D
46-0182,A
46-0183,D
46-0184,B
46-0185,C
46-0186,C
46-0187,B
46-0188,C
46-0189,D
46-0190,A
46-0191,B
46-0192,A
46-0193,A
46-0194,B
46-0195,B
46-0196,A
46-0197,A
46-0198,C
46-0199,C
46-0200,C
39-0023,A
39-0025,C
39-0026,C
39-0027,A
39-0028,A
39-0029,C
39-0030,A
39-0031,A
39-0032,C
39-0033,A
39-0034,B
39-0036,B
39-0037,C
39-0039,A
39-0040,C
39-0041,A
39-0042,A
39-0043,A
39-0044,A
39-0046,C
39-0047,C
39-0049,A
39-0050,A
39-0052,B
39-0053,D
39-0054,B
39-0055,B
39-0058,B
39-0059,A
39-0060,C
39-0061,A
39-0063,A
39-0064,D
39-0065,D
39-0067,B
39-0071,A
39-0072,C
39-0073,B
39-0074,A
39-0076,A
39-0077,A
39-0078,A
39-0080,D
39-0081,B
39-0082,C
39-0084,B
39-0085,C
39-0086,B
39-0087,D
39-0088,D
39-0089,D
39-0090,A
39-0091,A
39-0092,C
39-0093,A
39-0094,A
39-0095,C
39-0096,C
39-0097,C
39-0098,B
39-0099,B
39-0100,A
39-0101,C
39-0102,A
39-0105,D
39-0106,C
39-0108,A
39-0109,A
39-0110,A
39-0111,D
39-0112,B
39-0113,A
39-0114,A
39-0115,C
39-0116,B
39-0117,C
39-0118,A
39-0119,D
39-0120,C
39-0121,B
39-0122,D
39-0123,C
39-0124,A
39-0125,C
39-0126,D
39-0127,D
39-0128,A
39-0129,C
39-0130,C
39-0131,C
39-0132,C
39-0133,A
39-0134,A
39-0135,B
39-0136,C
39-0138,B
39-0139,C
39-0140,C
39-0141,D
39-0142,B
39-0143,A
39-0144,A
39-0145,C
39-0147,A
39-0148,A
39-0149,D
39-0150,C
39-0151,A
39-0152,A
39-0153,A
39-0154,C
39-0155,B
39-0156,A
39-0157,A
39-0158,C
39-0159,A
39-0160,C
39-0161,A
39-0162,D
39-0163,C
39-0164,B
39-0165,B
39-0166,D
39-0167,A
39-0168,D
39-0170,C
39-0172,A
39-0173,D
39-0174,D
39-0175,D
39-0201,B
39-0202,A
39-0203,C
39-0204,A
39-0205,A
39-0206,B
39-0207,C
39-0208,C
39-0209,A
39-0210,A
39-0211,A
39-0212,C
39-0213,A
39-0214,C
39-0215,A
39-0216,C
39-0217,A
39-0218,C
39-0219,C
39-0220,A
39-0221,D
39-0222,B
39-0223,A
39-0224,C
39-0225,C
39-0226,C
39-0227,D
39-0228,A
39-0229,C
39-0230,A
39-0231,C
39-0232,C
39-0233,A
39-0234,A
39-0235,C
39-0236,A
39-0237,D
39-0238,B
39-0239,D
39-0240,A
39-0241,A
39-0242,D
39-0243,A
39-0244,C
39-0245,A
39-0246,A
39-0247,B
39-0248,C
39-0249,D
39-0250,C
42-0023,B
42-0024,A
42-0025,C
42-0026,D
42-0027,C
42-0028,A
42-0029,C
42-0030,C
42-0031,C
42-0032,D
42-0033,C
42-0034,D
42-0035,C
42-0036,A
42-0037,D
42-0039,C
42-0040,A
42-0041,D
42-0042,C
42-0043,D
42-0044,A
42-0046,C
42-0047,D
42-0048,D
42-0050,D
42-0051,D
42-0052,B
42-0053,C
42-0054,A
42-0055,A
42-0057,A
42-0058,C
42-0059,A
42-0060,D
42-0061,D
42-0062,A
42-0063,B
42-0064,D
42-0065,B
42-0066,A
42-0067,B
42-0071,C
42-0072,A
42-0073,C
42-0074,C
42-0075,A
42-0076,D
42-0077,B
42-0078,D
42-0079,D
42-0080,D
42-0081,D
42-0082,D
42-0084,C
42-0085,D
42-0086,D
42-0087,A
42-0088,C
42-0089,C
42-0090,A
42-0091,A
42-0092,B
42-0093,A
42-0094,C
42-0095,A
42-0096,C
42-0097,A
42-0098,B
42-0099,A
42-0100,D
42-0101,C
42-0102,A
42-0103,C
42-0104,A
42-0105,A
42-0106,D
42-0107,C
42-0108,A
42-0109,B
42-0110,C
42-0111,B
42-0112,A
42-0113,A
42-0114,A
42-0115,A
42-0116,C
42-0117,D
42-0118,C
42-0119,D
42-0120,C
42-0121,B
42-0122,A
42-0123,A
42-0124,C
42-0125,B
42-0126,C
42-0127,D
42-0128,A
42-0129,A
42-0130,D
42-0131,C
42-0132,D
42-0133,A
42-0134,B
42-0135,B
42-0136,B
42-0137,D
42-0138,C
42-0139,D
42-0140,C
42-0141,D
42-0142,C
42-0143,D
42-0144,D
42-0145,C
42-0146,A
42-0147,D
42-0148,D
42-0149,A
42-0150,A
42-0151,A
42-0152,C
42-0153,B
42-0154,A
42-0155,A
42-0156,A
42-0159,B
42-0160,A
42-0161,D
42-0162,D
42-0163,D
42-0164,A
42-0165,B
42-0166,C
42-0167,C
42-0168,A
42-0169,C
42-0170,A
42-0171,B
42-0173,A
42-0174,A
42-0175,C
42-0176,A
42-0177,B
42-0178,D
42-0180,B
42-0181,C
42-0182,A
42-0183,C
42-0184,A
42-0185,A
42-0186,B
42-0187,A
42-0188,B
42-0189,A
42-0190,D
42-0199,C
42-0200,D
42-0201,C
42-0202,C
42-0204,A
42-0205,B
42-0206,C
42-0207,A
42-0208,B
42-0209,A
38-0020,B
38-0021,D
38-0022,D
38-0023,A
38-0024,C
38-0025,C
38-0026,C
38-0027,C
38-0028,D
38-0029,B
38-0030,A
38-0031,A
38-0032,A
38-0033,C
38-0034,D
38-0037,C
38-0038,A
38-0039,A
38-0040,C
38-0041,D
38-0042,A
38-0043,B
38-0044,D
38-0045,A
38-0046,A
38-0047,C
38-0048,A
38-0049,D
38-0051,A
38-0052,A
38-0053,C
38-0054,A
38-0055,A
38-0056,A
38-0057,C
38-0059,C
38-0060,A
38-0061,C
38-0062,C
38-0063,B
38-0064,D
38-0065,A
38-0066,C
38-0067,B
38-0068,C
38-0069,C
38-0070,C
38-0071,B
38-0072,C
38-0073,A
38-0074,C
38-0075,C
38-0076,A
38-0077,C
38-0078,B
38-0079,A
38-0080,D
38-0081,C
38-0082,C
38-0083,C
38-0084,C
38-0085,A
38-0086,C
38-0087,A
38-0088,C
38-0089,A
38-0090,A
38-0091,A
38-0092,A
38-0093,A
38-0094,B
38-0095,C
38-0096,D
38-0097,A
38-0098,A
38-0099,B
38-0100,C
38-0101,C
38-0102,C
38-0103,C
38-0104,A
38-0105,A
38-0106,C
38-0107,A
38-0108,C
38-0109,B
38-0110,A
38-0111,B
38-0112,C
38-0113,A
38-0114,C
38-0115,C
38-0116,C
38-0117,A
38-0118,B
38-0119,D
38-0120,C
38-0121,D
38-0122,C
38-0123,C
38-0124,C
38-0125,B
38-0126,B
38-0127,C
38-0128,C
38-0129,A
38-0130,C
38-0131,C
38-0132,D
38-0133,C
38-0134,C
38-0135,C
38-0136,C
38-0137,C
38-0138,C
38-0139,C
38-0140,A
38-0141,B
38-0142,C
38-0143,D
38-0144,C
38-0145,C
38-0146,C
38-0147,A
38-0148,C
38-0149,C
38-0150,C
38-0151,C
38-0152,C
38-0153,C
38-0154,B
38-0155,C
38-0156,C
38-0157,B
38-0158,C
38-0159,D
38-0160,C
38-0161,D
38-0162,A
38-0163,C
38-0164,D
38-0165,C
38-0166,C
38-0167,C
38-0168,C
38-0169,B
38-0170,C
38-0171,C
38-0172,C
38-0173,C
38-0174,D
38-0175,C
38-0176,A
38-0177,B
38-0178,B
38-0179,A
38-0180,B
38-0181,A
38-0182,A
38-0183,B
38-0184,A
38-0185,C
38-0186,D
38-0187,C
38-0188,C
38-0189,C
38-0190,C
38-0191,C
38-0192,A
38-0193,C
38-0194,D
38-0196,D
38-0197,B
38-0198,C
38-0199,D
38-0200,A
38-0201,C
38-0202,C
38-0203,D
36-0021,B
36-0022,A
36-0023,C
36-0024,B
36-0025,C
36-0026,D
36-0027,A
36-0028,A
36-0029,D
36-0030,B
36-0031,C
36-0032,A
36-0033,B
36-0034,C
36-0035,C
36-0036,A
36-0037,D
36-0038,A
36-0039,B
36-0040,C
36-0041,C
36-0042,A
36-0043,A
36-0044,D
36-0045,A
36-0046,D
36-0047,D
36-0048,A
36-0049,B
36-0050,A
36-0051,C
36-0052,A
36-0053,A
36-0054,D
36-0055,A
36-0056,C
36-0057,C
36-0058,C
36-0059,A
36-0060,A
36-0061,C
36-0062,A
36-0063,B
36-0064,A
36-0065,A
36-0066,C
36-0067,B
36-0068,A
36-0069,B
36-0070,C
36-0071,B
36-0072,A
36-0073,D
36-0074,C
36-0075,D
36-0076,A
36-0077,A
36-0078,C
36-0079,A
36-0080,A
36-0081,C
36-0082,B
36-0083,B
36-0084,B
36-0085,D
36-0086,C
36-0087,B
36-0088,C
36-0089,C
36-0090,A
36-0091,A
36-0092,C
36-0093,C
36-0094,C
36-0095,A
36-0096,C
36-0097,B
36-0098,A
36-0099,A
36-0100,D
36-0101,C
36-0102,B
36-0103,C
36-0104,A
36-0105,B
36-0106,D
36-0107,A
36-0108,B
36-0109,A
36-0110,A
36-0111,B
36-0112,A
36-0113,A
36-0114,B
36-0115,D
36-0116,A
36-0117,A
36-0118,C
36-0119,B
36-0120,D
36-0121,C
36-0122,B
36-0123,C
36-0124,A
36-0125,A
36-0126,C
36-0127,A
36-0128,A
36-0129,B
36-0130,B
36-0131,B
36-0132,A
36-0133,C
36-0134,D
36-0135,A
36-0136,A
36-0137,C
36-0138,A
36-0139,A
36-0140,A
36-0141,A
36-0142,C
36-0143,A
36-0144,D
36-0145,B
36-0146,D
36-0147,C
36-0148,C
36-0149,C
36-0150,A
36-0151,B
36-0152,C
36-0153,B
36-0154,B
36-0155,A
36-0156,B
36-0157,D
36-0158,A
36-0159,A
36-0160,C
36-0161,C
36-0162,A
36-0163,C
36-0164,C
36-0165,A
36-0166,B
36-0167,D
36-0168,B
36-0169,A
36-0170,A
36-0171,C
36-0172,A
36-0173,A
36-0174,B
36-0175,B
36-0176,A
36-0177,A
36-0178,C
36-0179,C
36-0180,A
36-0181,A
36-0182,C
36-0183,B
36-0184,C
36-0185,A
36-0186,C
36-0187,C
36-0188,B
36-0189,A
36-0190,A
36-0191,A
36-0192,B
36-0193,B
36-0194,D
36-0195,A
36-0196,C
36-0197,B
36-0198,A
36-0199,A
36-0200,C
